## This list was generated at 2016-10-26 00:24:10
## Data file: GR.rank
## Global Spin and Glide vectors of selected source subsets.
##data format
##Num   w_tol   w_x   w_y   w_z
##            (Expectation | Std)
##unit: uas/yr
############################################################################
100     10.1646     10.7665      1.3141      6.3127     -9.9421      6.0521     -1.6574      6.2801      4.4385     10.7665      0.8387      6.3127     -3.8634      6.0521      2.0177      6.2801
101     10.1977     10.6564      1.2856      6.2754    -10.0195      5.9806     -1.3966      6.1977      4.3044     10.6564      0.9558      6.2754     -3.6316      5.9806      2.1039      6.1977
102     10.5477     10.5617      1.2395      6.2455    -10.3835      5.9133     -1.3787      6.1300      4.4338     10.5617      0.7876      6.2455     -3.5936      5.9133      2.4747      6.1300
103     10.4002     10.4516      1.0115      6.1646    -10.2711      5.8586     -1.2823      6.0755      4.4480     10.4516      0.6378      6.1646     -3.7432      5.8586      2.3166      6.0755
104     11.6771     10.6534     -0.3839      6.2666    -11.6672      5.9807      0.2899      6.2013      3.7255     10.6534     -1.4908      6.2666     -2.9659      5.9807      1.6913      6.2013
105     11.1129     10.5517     -0.3712      6.2376    -11.0925      5.9080      0.5608      6.1258      3.3832     10.5517     -1.6117      6.2376     -2.7569      5.9080      1.1172      6.1258
106     11.0246     10.4551     -0.0116      6.1727    -11.0009      5.8556      0.7223      6.0760      3.0312     10.4551     -1.5274      6.1727     -2.4670      5.8556      0.8771      6.0760
107     10.7361     10.3820      0.0822      6.1351    -10.6168      5.8225      1.5944      6.0204      2.1327     10.3820     -0.7888      6.1351     -1.9166      5.8225      0.5030      6.0204
108     11.0172     10.3025     -0.1639      6.0931    -10.9046      5.7745      1.5628      5.9726      2.0231     10.3025     -0.9084      6.0931     -1.7974      5.7745      0.1930      5.9726
109     11.0985     10.2104     -0.0981      6.0491    -10.9867      5.7188      1.5687      5.9124      1.9854     10.2104     -0.8786      6.0491     -1.7564      5.7188      0.2914      5.9124
110     11.1585     10.1205      0.0170      5.9875    -11.0476      5.6664      1.5691      5.8707      1.9020     10.1205     -0.8323      5.9875     -1.6686      5.6664      0.3751      5.8707
111     11.2054     10.0525     -0.1584      5.9704    -10.9876      5.6193      2.1928      5.8163      1.5009     10.0525     -0.9596      5.9704     -1.1090      5.6193      0.3193      5.8163
112     11.5526     10.0136     -0.3882      5.9340    -11.4448      5.6109      1.5262      5.7947      2.1139     10.0136     -1.8156      5.9340     -0.9403      5.6109      0.5366      5.7947
113     11.4996      9.9305     -0.6043      5.8814    -11.4341      5.5798      1.0669      5.7350      1.8644      9.9305     -1.3963      5.8814     -1.2014      5.5798      0.2876      5.7350
114     11.4374      9.8422     -0.7935      5.8251    -11.3647      5.5289      1.0140      5.6894      1.9667      9.8422     -1.4148      5.8251     -1.3583      5.5289      0.1460      5.6894
115     11.3872      9.7565     -0.7889      5.7665    -11.3216      5.4945      0.9312      5.6345      1.9173      9.7565     -1.3219      5.7665     -1.3838      5.4945      0.1176      5.6345
116     10.5680      9.7236     -0.1714      5.7538    -10.5130      5.4700      1.0630      5.6143      2.2285      9.7236     -1.0328      5.7538     -1.7420      5.4700      0.9302      5.6143
117     10.3679      9.6437     -0.1835      5.7281    -10.2927      5.4145      1.2325      5.5563      2.0668      9.6437     -1.0916      5.7281     -1.6016      5.4145      0.7176      5.5563
118     10.3832      9.5643     -0.0742      5.6693    -10.3120      5.3784      1.2116      5.5143      2.0334      9.5643     -1.0680      5.6693     -1.5362      5.3784      0.7961      5.5143
119     10.4948      9.4930     -0.0916      5.6221    -10.4522      5.3485      0.9397      5.4684      2.1067      9.4930     -1.3476      5.6221     -1.4206      5.3485      0.7772      5.4684
120     10.1359      9.4183      0.4442      5.5722    -10.0862      5.3117      0.8995      5.4260      2.0371      9.4183     -1.1089      5.5722     -1.6881      5.3117      0.2658      5.4260
121      9.7479      9.3625     -0.1517      5.5358     -9.7130      5.2934      0.8097      5.3843      2.4789      9.3625     -1.4048      5.5358     -1.7925      5.2934      0.9790      5.3843
122      9.6528      9.2862     -0.0344      5.4777     -9.6202      5.2413      0.7917      5.3625      2.4613      9.2862     -1.4947      5.4777     -1.6958      5.2413      0.9737      5.3625
123      9.2636      9.2285     -0.0766      5.4543     -9.1914      5.2034      1.1517      5.3235      2.6334      9.2285     -1.1918      5.4543     -1.9363      5.2034      1.3287      5.3235
124     10.1570      9.3759      1.6266      5.5305    -10.0143      5.2916      0.4810      5.4147      3.7898      9.3759     -2.2598      5.5305     -3.0393      5.2916      0.1378      5.4147
125     10.1672      9.3040      1.6813      5.4968    -10.0235      5.2507      0.2729      5.3647      3.5741      9.3040     -2.1311      5.4968     -2.8660      5.2507      0.1387      5.3647
126      9.6859      9.2397      1.8277      5.4579     -9.5011      5.2041      0.4531      5.3386      3.7317      9.2397     -2.5880      5.4579     -2.6861      5.2041     -0.1143      5.3386
127      9.3903      9.3230      2.5564      5.5167     -8.8882      5.2480      1.6252      5.3799      5.0913      9.3230     -3.1894      5.5167     -3.8854      5.2480      0.8078      5.3799
128      9.1820      9.2567      2.2022      5.4654     -8.7541      5.2029      1.6805      5.3616      4.7365      9.2567     -3.0095      5.4654     -3.5564      5.2029      0.8542      5.3616
129      9.0961      9.1877      2.1360      5.4328     -8.6433      5.1664      1.8625      5.3110      4.7109      9.1877     -3.1301      5.4328     -3.4424      5.1664      0.7382      5.3110
130      8.9753      9.1193      1.7460      5.3824     -8.5889      5.1389      1.9333      5.2710      4.9573      9.1193     -3.1795      5.3824     -3.6543      5.1389      1.0542      5.2710
131      9.0850      9.0538      1.9633      5.3379     -8.6536      5.1154      1.9491      5.2261      4.9624      9.0538     -3.1634      5.3379     -3.7308      5.1154      0.8362      5.2261
132      8.7616      9.0557      2.9507      5.3375     -8.1341      5.1115      1.3763      5.2335      5.4994      9.0557     -2.9568      5.3375     -4.6295      5.1115      0.2618      5.2335
133      8.6130      9.0242      3.2801      5.3323     -7.9350      5.0865      0.6785      5.2087      5.0181      9.0242     -3.0660      5.3323     -3.9504      5.0865      0.4185      5.2087
134      8.3173      8.9621      3.1515      5.3030     -7.6580      5.0458      0.7748      5.1709      5.2779      8.9621     -3.2510      5.3030     -4.0989      5.0458      0.6973      5.1709
135      8.0943      8.8933      2.9186      5.2541     -7.5227      5.0199      0.6388      5.1271      5.0560      8.8933     -3.0234      5.2541     -4.0289      5.0199      0.4358      5.1271
136      7.1249      8.9590      2.5387      5.3023     -6.3817      5.0504      1.8955      5.1616      3.4657      8.9590     -1.9370      5.3023     -2.8227      5.0504     -0.5396      5.1616
137      6.9601      8.9097      2.8928      5.2755     -6.0350      5.0262      1.9113      5.1274      3.4683      8.9097     -2.0867      5.2755     -2.7691      5.0262     -0.0830      5.1274
138      6.9270      8.8459      3.0634      5.2296     -5.9210      4.9910      1.8816      5.0981      3.4487      8.8459     -2.1738      5.2296     -2.6695      4.9910     -0.2049      5.0981
139      6.0389      8.8409      2.7075      5.2234     -5.2809      4.9967      1.1179      5.0901      3.2236      8.8409     -1.2115      5.2234     -2.8434      4.9967     -0.9162      5.0901
140      6.2658      8.7958      2.7988      5.1915     -5.5560      4.9785      0.7468      5.0625      3.3986      8.7958     -1.6481      5.1915     -2.7752      4.9785     -1.0641      5.0625
141      6.3673      8.7377      2.8603      5.1646     -5.6444      4.9420      0.7081      5.0250      3.3651      8.7377     -1.6057      5.1646     -2.7182      4.9420     -1.1647      5.0250
142      6.5823      8.6935      3.2416      5.1395     -5.6418      4.9092      0.9946      5.0061      2.9918      8.6935     -1.6415      5.1395     -2.2636      4.9092     -1.0643      5.0061
143      6.6013      8.6318      3.2857      5.0947     -5.6521      4.8890      0.9137      4.9648      3.0718      8.6318     -1.7219      5.0947     -2.2974      4.8890     -1.0922      4.9648
144      6.8373      8.5849      3.1694      5.0664     -5.9977      4.8544      0.8553      4.9463      3.2413      8.5849     -2.0063      5.0664     -2.2021      4.8544     -1.2774      4.9463
145      6.8811      8.5320      3.2208      5.0415     -6.0324      4.8265      0.7659      4.9074      3.2439      8.5320     -2.0480      5.0415     -2.1334      4.8265     -1.3331      4.9074
146      6.7074      8.4749      3.1795      4.9979     -5.8451      4.7904      0.8458      4.8885      3.4261      8.4749     -2.2739      4.9979     -2.1878      4.7904     -1.3347      4.8885
147      6.5899      8.4176      2.9890      4.9572     -5.8359      4.7689      0.6592      4.8518      3.2821      8.4176     -2.0638      4.9572     -2.0550      4.7689     -1.5133      4.8518
148      6.2828      8.3713      3.1982      4.9217     -5.3892      4.7386      0.4489      4.8375      3.1427      8.3713     -1.5691      4.9217     -2.2149      4.7386     -1.5839      4.8375
149      6.3048      8.3151      3.1246      4.8996     -5.4649      4.6998      0.3501      4.8008      3.1881      8.3151     -1.5807      4.8996     -2.3285      4.6998     -1.4978      4.8008
150      6.2816      8.2602      3.1501      4.8613     -5.4187      4.6735      0.4161      4.7704      3.2005      8.2602     -1.6594      4.8613     -2.2957      4.6735     -1.4898      4.7704
151      6.3064      8.2092      3.4583      4.8278     -5.2473      4.6557      0.5259      4.7336      3.2634      8.2092     -1.5174      4.8278     -2.2319      4.6557     -1.8347      4.7336
152      4.3258      8.4390      2.4338      4.9611     -3.4754      4.7806      0.8430      4.8734      3.3960      8.4390      0.1474      4.9611     -1.1861      4.7806     -3.1787      4.8734
153      4.1643      8.3858      2.3191      4.9361     -3.3374      4.7490      0.9083      4.8377      3.2670      8.3858      0.0986      4.9361     -1.2770      4.7490     -3.0055      4.8377
154      4.1430      8.3392      2.5935      4.9113     -3.1479      4.7205      0.7270      4.8102      2.9535      8.3392      0.0723      4.9113     -1.0341      4.7205     -2.7656      4.8102
155      4.1961      8.3034      2.9082      4.8888     -3.0053      4.7087      0.3442      4.7826      3.3195      8.3034     -0.2224      4.8888     -1.2815      4.7087     -3.0541      4.7826
156      3.8391      8.2701      2.5245      4.8708     -2.8919      4.6882      0.0496      4.7634      2.9191      8.2701     -0.2963      4.8708     -0.8712      4.6882     -2.7703      4.7634
157      3.8026      8.2166      2.4935      4.8433     -2.8709      4.6618      0.0129      4.7248      2.9636      8.2166     -0.2730      4.8433     -0.9020      4.6618     -2.8098      4.7248
158      3.7687      8.1661      2.5734      4.8051     -2.7531      4.6278      0.0268      4.7095      2.9287      8.1661     -0.3950      4.8051     -0.8434      4.6278     -2.7767      4.7095
159      3.6191      8.1258      2.5102      4.7843     -2.5825      4.6099     -0.3575      4.6785      3.1618      8.1258     -0.0789      4.7843     -1.0669      4.6099     -2.9753      4.6785
160      4.1588      8.1127      3.0672      4.7692     -2.8039      4.6001     -0.1616      4.6808      3.2115      8.1127     -0.4638      4.7692     -1.5982      4.6001     -2.7466      4.6808
161      4.1003      8.0593      2.9381      4.7298     -2.8594      4.5804     -0.0574      4.6477      3.1381      8.0593     -0.3576      4.7298     -1.6450      4.5804     -2.6484      4.6477
162      4.0430      8.0083      2.8640      4.6938     -2.8528      4.5559     -0.0709      4.6201      3.2104      8.0083     -0.3520      4.6938     -1.6943      4.5559     -2.7041      4.6201
163      3.7935      7.9672      2.6734      4.6793     -2.6729      4.5304      0.3147      4.5887      3.2745      7.9672     -0.4556      4.6793     -1.3480      4.5304     -2.9492      4.5887
164      5.1056      8.6551      5.0383      5.0755      0.0855      4.9178      0.8220      4.9966      5.7586      8.6551      2.2824      5.0755     -2.9753      4.9178     -4.3703      4.9966
165      5.0419      8.6082      4.9707      5.0611      0.3518      4.8847      0.7672      4.9625      5.9919      8.6082      2.2326      5.0611     -3.0496      4.8847     -4.6496      4.9625
166      5.1474      8.5578      5.0794      5.0234      0.3511      4.8622      0.7566      4.9355      5.9010      8.5578      2.2418      5.0234     -2.9849      4.8622     -4.5702      4.9355
167      5.3203      8.5786      5.2707      5.0432     -0.5423      4.8694      0.4811      4.9445      6.3660      8.5786      1.7539      5.0432     -2.8896      4.8694     -5.3944      4.9445
168      5.2457      8.6012      5.1352      5.0604      0.3706      4.8791      1.0051      4.9565      6.1445      8.6012      2.4740      5.0604     -3.1314      4.8791     -4.6721      4.9565
169      5.3541      8.5491      5.2083      5.0402      0.3941      4.8432      1.1768      4.9221      6.1125      8.5491      2.5315      5.0402     -2.9487      4.8432     -4.7180      4.9221
170      5.5492      8.5052      5.4039      5.0084      0.2663      4.8229      1.2334      4.8983      6.2770      8.5052      2.6958      5.0084     -2.8321      4.8229     -4.9105      4.8983
171      5.6101      8.4573      5.4236      4.9888      0.1598      4.7950      1.4255      4.8627      6.0705      8.4573      2.5816      4.9888     -2.6854      4.7950     -4.7932      4.8627
172      5.9050      8.4171      5.7398      4.9573      0.1150      4.7668      1.3821      4.8528      6.1255      8.4171      2.4915      4.9573     -2.9834      4.7668     -4.7344      4.8528
173      6.3180      8.3789      6.0970      4.9305      0.1529      4.7513      1.6491      4.8292      6.3390      8.3789      2.7519      4.9305     -2.6943      4.7513     -5.0349      4.8292
174      6.3836      8.3384      6.0914      4.9122      0.4416      4.7245      1.8574      4.8039      6.3720      8.3384      2.5311      4.9122     -2.5591      4.7245     -5.2580      4.8039
175      6.0743      8.3068      5.8920      4.8863      0.2591      4.7182      1.4538      4.7818      6.0039      8.3068      2.0516      4.8863     -2.5779      4.7182     -5.0192      4.7818
176      5.7486      8.3227      5.1975      4.8885      0.6612      4.7347      2.3653      4.7909      5.9142      8.3227      3.0763      4.8885     -2.0416      4.7347     -4.6202      4.7909
177      5.7388      8.2775      5.1853      4.8691      0.6838      4.7082      2.3620      4.7582      5.8885      8.2775      3.0674      4.8691     -2.0421      4.7082     -4.5930      4.7582
178      5.8227      8.2325      5.2268      4.8448      0.9053      4.6780      2.4010      4.7349      5.6698      8.2325      2.8871      4.8448     -2.0662      4.6780     -4.4207      4.7349
179      5.3639      8.2229      4.9490      4.8481      0.2900      4.6662      2.0479      4.7263      5.9320      8.2229      2.7280      4.8481     -1.6464      4.6662     -5.0036      4.7263
180      4.9527      8.1917      4.4612      4.8247      0.4687      4.6527      2.0992      4.7095      5.6024      8.1917      2.8861      4.8247     -1.3622      4.6527     -4.6045      4.7095
181      4.8055      8.1455      4.3265      4.7901      0.4164      4.6353      2.0496      4.6816      5.7526      8.1455      2.9648      4.7901     -1.4111      4.6353     -4.7234      4.6816
182      4.7890      8.1010      4.3336      4.7571      0.4987      4.6123      1.9764      4.6608      5.6865      8.1010      2.8501      4.7571     -1.4171      4.6123     -4.7122      4.6608
183      4.8374      8.0834      4.2192      4.7544      1.0381      4.5982      2.1264      4.6469      5.4137      8.0834      3.0872      4.7544     -1.4848      4.5982     -4.1921      4.6469
184      3.9391      8.2464      2.9616      4.8435     -0.3805      4.6871      2.5691      4.7512      4.9932      8.2464      1.7181      4.8435     -0.6092      4.6871     -4.6485      4.7512
185      4.0023      8.2704      2.5231      4.8609      0.4559      4.7012      3.0732      4.7613      5.6282      8.2704      1.0904      4.8609     -0.4914      4.7012     -5.4997      4.7613
186      3.9154      8.2248      2.3231      4.8285      0.3168      4.6769      3.1358      4.7392      5.5203      8.2248      1.2032      4.8285     -0.5978      4.6769     -5.3543      4.7392
187      3.7582      8.1869      2.4260      4.8173      0.2695      4.6495      2.8576      4.7117      5.4911      8.1869      1.1839      4.8173     -0.8776      4.6495     -5.2896      4.7117
188      3.2341      8.1736      1.7439      4.8047      0.3231      4.6460      2.7043      4.7051      4.9169      8.1736      1.1050      4.8047     -0.4311      4.6460     -4.7717      4.7051
189      3.2953      8.1319      1.5404      4.7738      0.2466      4.6334      2.9026      4.6766      4.8028      8.1319      1.2961      4.7738     -0.4464      4.6334     -4.6030      4.6766
190      3.5094      8.0916      1.6326      4.7542      0.1310      4.6055      3.1038      4.6543      4.7881      8.0916      1.4508      4.7542     -0.2246      4.6055     -4.5574      4.6543
191      3.5881      8.0832      2.0374      4.7558     -0.4485      4.5996      2.9193      4.6437      4.0736      8.0832      1.2844      4.7558     -0.4946      4.5996     -3.8341      4.6437
192      3.6610      8.0537      2.1689      4.7402     -0.0911      4.5768      2.9480      4.6310      3.9557      8.0537      1.5351      4.7402     -0.5794      4.5768     -3.5994      4.6310
193      3.8603      8.0197      2.3623      4.7247      0.1977      4.5574      3.0467      4.6068      3.6043      8.0197      1.3822      4.7247     -0.6430      4.5574     -3.2661      4.6068
194      3.7405      7.9804      2.3260      4.6953      0.3006      4.5396      2.9138      4.5861      3.5145      7.9804      1.1978      4.6953     -0.6995      4.5396     -3.2292      4.5861
195      3.6880      7.9378      2.3021      4.6652      0.3193      4.5216      2.8635      4.5606      3.5470      7.9378      1.2559      4.6652     -0.6687      4.5216     -3.2491      4.5606
196      3.2798      7.9972      1.2140      4.6941      0.7652      4.5521      2.9491      4.6043      4.1480      7.9972      1.8459      4.6941      0.3508      4.5521     -3.6981      4.6043
197      3.5126      7.9683      0.9172      4.6714      0.6422      4.5447      3.3294      4.5845      4.1473      7.9683      2.2124      4.6714      0.2260      4.5447     -3.5005      4.5845
198      3.4580      7.9296      0.8647      4.6465      0.7925      4.5230      3.2530      4.5641      3.9581      7.9296      2.0479      4.6465      0.2114      4.5230     -3.3805      4.5641
199      3.8666      7.9176      1.2946      4.6381      0.7105      4.5211      3.5734      4.5537      4.4393      7.9176      2.2915      4.6381     -0.0995      4.5211     -3.8009      4.5537
200      4.2323      7.9565      2.4012      4.6546      1.2103      4.5431      3.2682      4.5826      4.3376      7.9565      2.7249      4.6546     -0.9016      4.5431     -3.2522      4.5826
201      4.9969      7.9919      3.4369      4.6724      1.7650      4.5702      3.1688      4.5992      3.4474      7.9919      2.5835      4.6724     -0.6200      4.5702     -2.1968      4.5992
202      5.0632      7.9524      3.4961      4.6488      1.8261      4.5445      3.1747      4.5800      3.4510      7.9524      2.5507      4.6488     -0.5798      4.5445     -2.2510      4.5800
203      5.2211      7.9158      3.6832      4.6236      1.9071      4.5313      3.1714      4.5551      3.3414      7.9158      2.5500      4.6236     -0.6248      4.5313     -2.0668      4.5551
204      5.2000      7.9033      3.1596      4.6111      2.2580      4.5210      3.4581      4.5564      3.6235      7.9033      3.0230      4.6111     -0.0779      4.5210     -1.9964      4.5564
205      5.1968      7.8635      3.1431      4.5983      2.2055      4.4933      3.5020      4.5278      3.6041      7.8635      3.0353      4.5983     -0.0360      4.4933     -1.9431      4.5278
206      5.4295      7.8320      3.0795      4.5749      2.4298      4.4792      3.7539      4.5107      3.3785      7.8320      2.7045      4.5749     -0.0312      4.4792     -2.0246      4.5107
207      5.8742      7.8267      3.6073      4.5712      2.8873      4.4787      3.6273      4.5059      3.2646      7.8267      2.9217      4.5712     -0.1585      4.4787     -1.4478      4.5059
208      5.4908      7.8046      3.1682      4.5539      2.8301      4.4683      3.4789      4.4954      3.0060      7.8046      2.7741      4.5539      0.1705      4.4683     -1.1450      4.4954
209      4.8670      7.8093      2.9744      4.5666      2.6976      4.4651      2.7502      4.4938      3.0699      7.8093      2.8237      4.5666     -0.5890      4.4651     -1.0509      4.4938
210      6.7905      8.0746      3.3738      4.7177      4.2714      4.6188      4.0599      4.6485      1.2174      8.0746      0.7854      4.7177     -0.9253      4.6188     -0.0951      4.6485
211      7.1337      8.0521      3.5216      4.7087      4.4607      4.6065      4.3116      4.6308      1.2963      8.0521      0.5982      4.7087     -1.1399      4.6065      0.1523      4.6308
212      7.1251      8.0244      3.7590      4.6948      4.4779      4.5863      4.0725      4.6169      1.5539      8.0244      0.5542      4.6948     -1.4470      4.5863      0.1169      4.6169
213      7.2311      7.9899      3.7860      4.6856      4.6462      4.5611      4.0456      4.5913      1.5730      7.9899      0.5543      4.6856     -1.4711      4.5611     -0.0531      4.5913
214      7.1839      7.9529      3.8395      4.6593      4.4987      4.5370      4.0777      4.5777      1.5956      7.9529      0.7145      4.6593     -1.4211      4.5370     -0.1252      4.5777
215      7.0323      7.9268      3.7202      4.6510      4.6576      4.5200      3.7310      4.5576      1.2469      7.9268      0.5900      4.6510     -1.0946      4.5200      0.0920      4.5576
216      6.8440      7.8856      3.3456      4.6219      4.5912      4.5024      3.8168      4.5331      1.1632      7.8856      0.6136      4.6219     -0.9048      4.5024      0.3975      4.5331
217      6.7933      7.8521      3.3657      4.6088      4.3477      4.4780      3.9897      4.5124      1.2160      7.8521      0.7678      4.6088     -0.7328      4.4780      0.5935      4.5124
218      6.8431      7.8183      3.3161      4.5885      4.4989      4.4571      3.9485      4.4950      1.2128      7.8183      0.6268      4.5885     -0.7533      4.4571      0.7145      4.4950
219      6.8090      7.7810      3.2860      4.5610      4.5026      4.4467      3.9104      4.4686      1.2165      7.7810      0.6699      4.5610     -0.7534      4.4467      0.6809      4.4686
220      6.7706      7.7449      3.2362      4.5442      4.3673      4.4228      4.0367      4.4466      1.1570      7.7449      0.5588      4.5442     -0.6417      4.4228      0.7839      4.4466
221      6.8661      7.7182      3.0681      4.5285      4.4287      4.4124      4.2563      4.4266      1.4112      7.7182      0.7089      4.5285     -0.7789      4.4124      0.9392      4.4266
222      6.8707      7.6889      2.8279      4.5056      4.5546      4.3915      4.2972      4.4196      1.4658      7.6889      0.5505      4.5056     -1.0156      4.3915      0.9023      4.4196
223      6.7207      7.6550      2.8055      4.4946      4.4221      4.3674      4.2121      4.3958      1.3234      7.6550      0.5395      4.4946     -0.9300      4.3674      0.7717      4.3958
224      6.6297      7.6208      2.5446      4.4707      4.3401      4.3439      4.3176      4.3842      1.1354      7.6208      0.4744      4.4707     -0.6791      4.3439      0.7765      4.3842
225      6.7201      7.6106      2.6296      4.4707      4.0242      4.3367      4.6958      4.3734      1.2806      7.6106      0.6969      4.4707     -0.9875      4.3367      0.4234      4.3734
226      6.8114      7.5790      2.6531      4.4467      4.1365      4.3149      4.7165      4.3646      1.2182      7.5790      0.5769      4.4467     -0.9782      4.3149      0.4407      4.3646
227      6.7153      7.5462      2.7103      4.4341      4.0192      4.2924      4.6471      4.3427      1.3130      7.5462      0.5277      4.4341     -1.0621      4.2924      0.5633      4.3427
228      6.6197      7.6246      3.7500      4.4796      3.2953      4.3370      4.3472      4.3883      2.4357      7.6246      0.0673      4.4796     -1.8503      4.3370      1.5825      4.3883
229      6.5677      7.5915      3.6821      4.4615      3.1557      4.3175      4.4292      4.3686      2.4968      7.5915      0.1823      4.4615     -1.8181      4.3175      1.7016      4.3686
230      4.3339      7.9075      2.9199      4.6424      1.7994      4.5009      2.6494      4.5517      3.7636      7.9075      2.4393      4.6424     -2.5337      4.5009      1.3398      4.5517
231      4.1811      7.8825      2.6671      4.6269      1.9197      4.4905      2.5851      4.5343      3.7752      7.8825      2.4263      4.6269     -2.4046      4.4905      1.6072      4.5343
232      4.7879      7.8887      3.0149      4.6342      2.3245      4.4894      2.9036      4.5388      4.3160      7.8887      2.6002      4.6342     -2.8455      4.4894      1.9415      4.5388
233      4.8032      7.8565      2.9863      4.6128      2.2875      4.4755      2.9866      4.5184      4.3902      7.8565      2.6820      4.6128     -2.8844      4.4755      1.9392      4.5184
234      4.7391      7.8226      3.0195      4.5953      2.1567      4.4523      2.9480      4.5003      4.3721      7.8226      2.7843      4.5953     -2.8281      4.4523      1.8343      4.5003
235      4.8150      7.7920      3.1395      4.5789      2.0001      4.4378      3.0541      4.4783      4.3589      7.7920      2.6493      4.5789     -2.7964      4.4378      2.0400      4.4783
236      4.7502      7.7773      2.8973      4.5689      2.3302      4.4251      2.9563      4.4754      4.4773      7.7773      2.9616      4.5689     -2.5081      4.4251      2.2326      4.4754
237      4.6297      7.7457      2.8374      4.5584      2.1783      4.4033      2.9391      4.4527      4.5751      7.7457      2.9681      4.5584     -2.5312      4.4033      2.3906      4.4527
238      4.5877      7.7140      2.8552      4.5367      2.0819      4.3812      2.9258      4.4417      4.6468      7.7140      3.0639      4.5367     -2.5110      4.3812      2.4289      4.4417
239      4.6796      7.6868      2.8814      4.5291      2.2236      4.3616      2.9413      4.4216      4.7302      7.6868      3.0599      4.5291     -2.5267      4.3616      2.5744      4.4216
240      4.4689      7.6693      2.9797      4.5182      1.7048      4.3482      2.8611      4.4156      4.3256      7.6693      2.5993      4.5182     -2.6073      4.3482      2.2707      4.4156
241      4.4272      7.6385      2.9193      4.5048      1.6044      4.3273      2.9161      4.3964      4.3410      7.6385      2.6418      4.5048     -2.6721      4.3273      2.1738      4.3964
242      4.3369      7.6089      2.8439      4.4917      1.6572      4.3058      2.8239      4.3795      4.3721      7.6089      2.6125      4.4917     -2.7929      4.3058      2.1188      4.3795
243      3.8607      7.5911      2.5180      4.4858      1.2137      4.2942      2.6630      4.3660      4.0203      7.5911      2.6295      4.4858     -2.5833      4.2942      1.6048      4.3660
244      3.4299      7.7500      1.0439      4.5762      0.1401      4.3804      3.2642      4.4646      2.9351      7.7500      1.6788      4.5762     -1.2580      4.3804      2.0528      4.4646
245      3.4159      7.7199      0.9218      4.5537      0.1351      4.3715      3.2864      4.4441      3.0309      7.7199      1.6879      4.5537     -1.2876      4.3715      2.1633      4.4441
246      3.4726      7.6957      1.1973      4.5351     -0.0027      4.3570      3.2597      4.4354      3.1520      7.6957      1.8362      4.5351     -1.0664      4.3570      2.3295      4.4354
247      3.5371      7.6737      1.5500      4.5202     -0.1641      4.3502      3.1752      4.4191      2.8489      7.6737      1.7479      4.5202     -1.1171      4.3502      1.9527      4.4191
248      3.5469      7.6997      1.7181      4.5397      0.6363      4.3612      3.0370      4.4337      3.5821      7.6997      2.2017      4.5397     -1.0446      4.3612      2.6254      4.4337
249      3.7462      7.6722      1.8285      4.5267      0.5999      4.3459      3.2142      4.4142      3.5604      7.6722      2.1095      4.5267     -0.8807      4.3459      2.7296      4.4142
250      3.7982      7.6415      1.8953      4.5090      0.6668      4.3267      3.2232      4.3978      3.4803      7.6415      2.0793      4.5090     -0.8382      4.3267      2.6620      4.3978
251      3.8358      7.6217      1.8934      4.5029      0.9321      4.3114      3.2031      4.3848      3.7274      7.6217      2.1975      4.5029     -0.8058      4.3114      2.9009      4.3848
252      3.9983      7.8238      0.3341      4.6195     -0.2874      4.4221      3.9739      4.5075      3.6724      7.8238      1.1201      4.6195      0.6250      4.4221      3.4411      4.5075
253      3.9408      7.7968      0.2453      4.6052     -0.1944      4.4094      3.9283      4.4876      3.7885      7.7968      1.0596      4.6052      0.6422      4.4094      3.5802      4.4876
254      3.9338      7.7663      0.2189      4.5843     -0.2105      4.3883      3.9221      4.4770      3.7968      7.7663      1.0705      4.5843      0.6185      4.3883      3.5899      4.4770
255      3.8961      7.7439      0.1047      4.5751     -0.0457      4.3748      3.8945      4.4608      4.0087      7.7439      1.1010      4.5751      0.6828      4.3748      3.7935      4.4608
256      4.8393      7.9370     -0.2364      4.6853     -1.8228      4.4810      4.4767      4.5786      4.6357      7.9370     -0.8073      4.6853      0.9285      4.4810      4.4694      4.5786
257      4.8091      7.9054     -0.3431      4.6663     -1.7619      4.4689      4.4616      4.5553      4.5055      7.9054     -0.7873      4.6663      0.9126      4.4689      4.3413      4.5553
258      4.7899      7.8780     -0.1546      4.6448     -1.6555      4.4514      4.4921      4.5468      4.6258      7.8780     -0.8935      4.6448      1.0628      4.4514      4.4125      4.5468
259      4.6511      7.8508     -0.3585      4.6258     -1.5049      4.4408      4.3863      4.5295      4.3773      7.8508     -0.6955      4.6258      1.1288      4.4408      4.1717      4.5295
260      4.2927      7.9084      0.0104      4.6581     -0.4514      4.4698      4.2689      4.5679      4.8161      7.9084      0.2378      4.6581      1.0057      4.4698      4.7039      4.5679
261      4.1219      7.8854      0.1353      4.6511     -0.1986      4.4537      4.1148      4.5509      5.1110      7.8854      0.2124      4.6511      1.1596      4.4537      4.9732      4.5509
262      4.2091      7.8557      0.1661      4.6364     -0.2404      4.4344      4.1990      4.5335      5.1497      7.8557      0.2778      4.6364      1.2435      4.4344      4.9896      4.5335
263      3.6846      7.8656      0.8192      4.6385     -0.0892      4.4453      3.5913      4.5377      5.5295      7.8656      0.7871      4.6385      0.8459      4.4453      5.4075      4.5377
264      3.6770      7.8457      1.1075      4.6230      0.0858      4.4365      3.5053      4.5277      5.7537      7.8457      0.9304      4.6230      0.7155      4.4365      5.6328      4.5277
265      3.7825      7.8166      1.1098      4.6144      0.1476      4.4161      3.6131      4.5061      5.7064      7.8166      0.9114      4.6144      0.8151      4.4161      5.5738      4.5061
266      3.6297      7.7942      1.4023      4.6019      0.0439      4.4002      3.3476      4.4955      5.7142      7.7942      1.0396      4.6019      1.1740      4.4002      5.4949      4.4955
267      3.7057      7.7661      1.4085      4.5904     -0.0210      4.3835      3.4275      4.4751      5.7827      7.7661      0.9826      4.5904      1.2342      4.3835      5.5634      4.4751
268      4.3088      7.9201      2.0783      4.6783      1.5353      4.4673      3.4481      4.5699      5.4594      7.9201      2.5077      4.6783      0.8582      4.4673      4.7728      4.5699
269      4.3794      7.8917      2.2117      4.6581      1.5833      4.4566      3.4323      4.5519      5.5679      7.8917      2.4955      4.6581      0.9095      4.4566      4.8935      4.5519
270      4.3482      7.8631      2.0486      4.6392      1.5355      4.4427      3.5146      4.5353      5.4286      7.8631      2.4640      4.6392      0.7950      4.4427      4.7715      4.5353
271      4.3201      7.8416      1.8533      4.6291      1.2885      4.4310      3.6835      4.5197      5.0996      7.8416      2.3275      4.6291      0.6911      4.4310      4.4845      4.5197
272      4.2597      7.8288      1.3416      4.6170      1.1479      4.4274      3.8765      4.5134      4.7578      7.8288      2.1436      4.6170      0.9720      4.4274      4.1348      4.5134
273      3.9649      7.8032      1.2923      4.6006      1.0114      4.4167      3.6094      4.4964      4.8155      7.8032      2.4269      4.6006      1.1013      4.4167      4.0109      4.4964
274      3.9726      7.7781      1.2628      4.5852      0.8439      4.4000      3.6708      4.4851      4.8048      7.7781      2.5860      4.5852      1.0616      4.4000      3.9079      4.4851
275      4.3454      7.7681      1.1781      4.5819      0.6232      4.3947      4.1360      4.4762      4.8489      7.7681      2.2390      4.5819      1.3957      4.3947      4.0682      4.4762
276      4.1847      7.7939      0.9752      4.5968     -0.2868      4.4062      4.0593      4.4944      5.1082      7.7939      1.4402      4.5968      1.4268      4.4062      4.6887      4.4944
277      4.2832      7.7678      1.0077      4.5874     -0.3670      4.3871      4.1468      4.4775      5.2164      7.7678      1.4881      4.5874      1.5229      4.3871      4.7620      4.4775
278      4.2857      7.7394      1.0163      4.5659     -0.3665      4.3679      4.1473      4.4690      5.2174      7.7394      1.4886      4.5659      1.5306      4.3679      4.7605      4.4690
279      4.4945      7.7165      0.8837      4.5576     -0.4399      4.3526      4.3848      4.4528      5.4029      7.7165      1.5563      4.5576      1.7660      4.3526      4.8631      4.4528
280      4.5296      7.7346      1.4752      4.5638     -0.9708      4.3606      4.1712      4.4701      4.9290      7.7346      0.8917      4.5638      1.2023      4.3606      4.6962      4.4701
281      4.4959      7.7176      1.7091      4.5572     -0.6798      4.3507      4.1024      4.4570      5.2847      7.7176      0.8641      4.5572      1.2855      4.3507      5.0527      4.4570
282      4.6822      7.7092      1.3360      4.5531     -0.9323      4.3431      4.3896      4.4542      5.0244      7.7092      1.0134      4.5531      0.8818      4.3431      4.8415      4.4542
283      4.7212      7.7053      0.9566      4.5490     -0.7394      4.3462      4.5638      4.4485      5.4618      7.7053      1.1945      4.5490      0.9032      4.3462      5.2525      4.4485
284      4.5370      7.7188      1.3874      4.5533     -1.2510      4.3556      4.1345      4.4583      4.9440      7.7188      0.4968      4.5533      0.6626      4.3556      4.8741      4.4583
285      4.4929      7.6856      1.3815      4.5392     -1.0799      4.3328      4.1366      4.4375      4.7811      7.6856      0.4143      4.5392      0.6533      4.3328      4.7181      4.4375
286      4.5619      7.6595      1.4541      4.5249     -1.0260      4.3142      4.2004      4.4250      4.7608      7.6595      0.3763      4.5249      0.7429      4.3142      4.6874      4.4250
287      4.6124      7.6347      1.3735      4.5075     -0.9756      4.3059      4.2937      4.4081      4.8503      7.6347      0.4757      4.5075      0.7446      4.3059      4.7691      4.4081
288      4.6589      7.6489      1.8550      4.5116     -1.4714      4.3131      4.0124      4.4213      4.5570      7.6489     -0.1654      4.5116      0.3254      4.3131      4.5423      4.4213
289      4.6915      7.6232      1.7708      4.4957     -1.4217      4.3035      4.1053      4.4024      4.4697      7.6232     -0.2423      4.4957      0.3614      4.3035      4.4484      4.4024
290      4.7016      7.5971      1.8141      4.4783     -1.4385      4.2885      4.0920      4.3897      4.4421      7.5971     -0.2294      4.4783      0.3970      4.2885      4.4184      4.3897
291      4.4682      7.5807      1.8026      4.4747     -1.1477      4.2759      3.9240      4.3774      4.7421      7.5807     -0.1335      4.4747      0.5656      4.2759      4.7064      4.3774
292      4.3183      7.5676      1.5374      4.4629     -0.8559      4.2655      3.9435      4.3767      4.8414      7.5676      0.2101      4.4629      0.8361      4.2655      4.7641      4.3767
293      4.3178      7.5411      1.6225      4.4511     -0.7264      4.2493      3.9348      4.3588      4.7027      7.5411      0.1720      4.4511      0.8523      4.2493      4.6216      4.3588
294      4.3303      7.5170      1.6450      4.4408     -0.5031      4.2319      3.9740      4.3446      4.5230      7.5170      0.0420      4.4408      0.8836      4.2319      4.4356      4.3446
295      4.5255      7.5121      1.7256      4.4439     -0.1123      4.2258      4.1821      4.3388      4.8766      7.5121      0.1161      4.4439      0.6784      4.2258      4.8278      4.3388
296      4.6071      7.5387      1.9919      4.4625      0.6212      4.2381      4.1075      4.3539      5.5331      7.5387      0.5324      4.4625      0.6384      4.2381      5.4703      4.3539
297      4.5938      7.5136      1.9001      4.4440      0.6235      4.2302      4.1357      4.3371      5.6113      7.5136      0.5475      4.4440      0.6088      4.2302      5.5512      4.3371
298      4.5758      7.4878      1.8297      4.4247      0.6584      4.2136      4.1421      4.3283      5.5739      7.4878      0.5054      4.4247      0.5465      4.2136      5.5239      4.3283
299      4.7723      7.4902      2.5016      4.4224      0.5996      4.2204      4.0197      4.3282      4.9634      7.4902      0.3945      4.4224      0.2936      4.2204      4.9389      4.3282
300      5.0382      7.4931      2.8834      4.4204      0.2839      4.2192      4.1217      4.3363      4.9546      7.4931     -0.0033      4.4204     -0.1052      4.2192      4.9535      4.3363
301      5.1846      7.4775      2.6980      4.4102      0.1895      4.2128      4.4232      4.3261      5.0233      7.4775      0.2434      4.4102     -0.3070      4.2128      5.0080      4.3261
302      5.2278      7.4540      2.7678      4.3925      0.1015      4.1963      4.4338      4.3196      5.0395      7.4540      0.3449      4.3925     -0.2321      4.1963      5.0223      4.3196
303      5.3244      7.4476      3.0455      4.3935      0.6129      4.1907      4.3242      4.3131      4.5082      7.4476      0.4951      4.3935     -0.3746      4.1907      4.4652      4.3131
304      5.3531      7.4890      2.9708      4.4187      1.3896      4.2108      4.2308      4.3393      5.1115      7.4890      1.1228      4.4187     -0.1989      4.2108      4.9826      4.3393
305      5.4564      7.4645      3.0282      4.4081      1.4332      4.1949      4.3068      4.3232      5.0561      7.4645      1.1439      4.4081     -0.1146      4.1949      4.9236      4.3232
306      5.3218      7.4425      2.7711      4.3932      1.6565      4.1842      4.2306      4.3107      5.2989      7.4425      0.8996      4.3932     -0.2421      4.1842      5.2164      4.3107
307      5.5272      7.4542      3.0096      4.4027      2.0954      4.1894      4.1354      4.3162      5.7685      7.4542      1.1188      4.4027     -0.2485      4.1894      5.6535      4.3162
308      5.3088      7.4274      2.8061      4.3841      1.9943      4.1727      4.0413      4.3052      5.7889      7.4274      0.9985      4.3841     -0.0613      4.1727      5.7018      4.3052
309      5.1845      7.4070      2.8307      4.3780      1.7860      4.1586      3.9593      4.2899      5.5746      7.4070      1.0375      4.3780      0.0172      4.1586      5.4771      4.2899
310      4.9548      7.3902      2.4886      4.3641      2.0098      4.1489      3.7839      4.2844      5.7032      7.3902      0.6811      4.3641     -0.2932      4.1489      5.6548      4.2844
311      5.0257      7.3769      2.6211      4.3557      1.9372      4.1461      3.8256      4.2728      5.8551      7.3769      0.6321      4.3557     -0.2686      4.1461      5.8147      4.2728
312      4.9576      7.3537      2.5385      4.3382      1.8784      4.1309      3.8218      4.2653      5.8732      7.3537      0.5741      4.3382     -0.2019      4.1309      5.8416      4.2653
313      5.0377      7.3310      2.5105      4.3210      1.9292      4.1229      3.9184      4.2513      5.8442      7.3310      0.4612      4.3210     -0.2124      4.1229      5.8221      4.2513
314      5.0304      7.3076      2.5169      4.3055      1.9016      4.1075      3.9184      4.2417      5.8300      7.3076      0.4894      4.3055     -0.2050      4.1075      5.8058      4.2417
315      4.8145      7.3188      2.8550      4.3119      2.1164      4.1156      3.2480      4.2466      5.9683      7.3188      1.0144      4.3119     -0.6643      4.1156      5.8439      4.2466
316      4.7738      7.3200      3.1013      4.3133      1.6499      4.1148      3.2325      4.2481      6.3751      7.3200      0.6331      4.3133     -0.8480      4.1148      6.2866      4.2481
317      4.6712      7.2971      3.0120      4.3027      1.5304      4.1018      3.2257      4.2319      6.2331      7.2971      0.6612      4.3027     -0.8489      4.1018      6.1396      4.2319
318      4.7191      7.2740      3.0668      4.2855      1.5545      4.0858      3.2324      4.2251      6.2190      7.2740      0.6413      4.2855     -0.8003      4.0858      6.1339      4.2251
319      4.6955      7.2544      2.9764      4.2761      1.6482      4.0762      3.2361      4.2102      6.3568      7.2544      0.6381      4.2761     -0.7958      4.0762      6.2745      4.2102
320      4.6403      7.2320      2.9069      4.2594      1.6348      4.0657      3.2265      4.1987      6.3986      7.2320      0.6214      4.2594     -0.7524      4.0657      6.3237      4.1987
321      4.6374      7.2113      2.9035      4.2521      1.6479      4.0524      3.2186      4.1832      6.4123      7.2113      0.6176      4.2521     -0.7456      4.0524      6.3388      4.1832
322      4.6331      7.1902      2.9821      4.2408      1.5998      4.0401      3.1644      4.1705      6.3335      7.1902      0.6346      4.2408     -0.6717      4.0401      6.2657      4.1705
323      4.8488      7.1828      3.4117      4.2337      1.5051      4.0398      3.0993      4.1652      5.9697      7.1828      0.5389      4.2337     -0.8561      4.0398      5.8834      4.1652
324      5.5374      7.2111      4.2950      4.2469      1.5665      4.0550      3.1243      4.1858      5.7317      7.2111      0.5573      4.2469     -1.5700      4.0550      5.4843      4.1858
325      5.5153      7.1912      4.2720      4.2412      1.4084      4.0406      3.1915      4.1713      5.8730      7.1912      0.6090      4.2412     -1.5107      4.0406      5.6426      4.1713
326      5.4691      7.1685      4.1949      4.2245      1.4429      4.0275      3.1987      4.1617      5.8404      7.1685      0.5706      4.2245     -1.5710      4.0275      5.5961      4.1617
327      5.9162      7.1798      4.8254      4.2290      1.2902      4.0388      3.1706      4.1657      5.2708      7.1798      0.5491      4.2290     -1.6985      4.0388      4.9593      4.1657
328      5.9529      7.1619      4.8926      4.2150      1.1370      4.0266      3.1947      4.1609      5.3258      7.1619      0.3711      4.2150     -1.7725      4.0266      5.0085      4.1609
329      5.9803      7.1419      4.9733      4.2029      1.1223      4.0176      3.1258      4.1475      5.2417      7.1419      0.3379      4.2029     -1.7115      4.0176      4.9429      4.1475
330      5.9819      7.1200      4.9689      4.1890      1.1382      4.0033      3.1301      4.1377      5.2324      7.1200      0.3228      4.1890     -1.7141      4.0033      4.9331      4.1377
331      6.2962      7.1104      5.3583      4.1809      1.2615      4.0022      3.0560      4.1304      4.9382      7.1104      0.3172      4.1809     -1.8451      4.0022      4.5696      4.1304
332      7.2945      7.1779      6.4545      4.2175      1.3509      4.0435      3.1184      4.1696      4.4208      7.1779      0.4363      4.2175     -2.4074      4.0435      3.6821      4.1696
333      7.1290      7.1566      6.3381      4.2092      1.0888      4.0300      3.0766      4.1543      4.1666      7.1566      0.4995      4.2092     -2.3713      4.0300      3.3895      4.1543
334      7.1571      7.1359      6.3216      4.1966      1.2381      4.0160      3.1192      4.1451      4.0811      7.1359      0.3628      4.1966     -2.3723      4.0160      3.3010      4.1451
335      7.4317      7.1204      6.5255      4.1873      1.4655      4.0091      3.2404      4.1345      3.8662      7.1204      0.5605      4.1873     -2.3521      4.0091      3.0168      4.1345
336      8.5363      7.3346      7.5847      4.3154      2.9419      4.1275      2.5859      4.2587      3.8574      7.3346      1.3292      4.3154     -3.2474      4.1275      1.6022      4.2587
337      8.6180      7.3218      7.6265      4.3085      2.9657      4.1225      2.7039      4.2486      3.8000      7.3218      1.4260      4.3085     -3.1639      4.1225      1.5481      4.2486
338      8.7531      7.3008      7.7285      4.2978      3.0154      4.1089      2.7920      4.2366      3.6773      7.3008      1.4439      4.2978     -3.0444      4.1089      1.4731      4.2366
339      8.6459      7.2789      7.5704      4.2816      3.0102      4.1028      2.8949      4.2210      3.5564      7.2789      1.3573      4.2816     -3.0053      4.1028      1.3320      4.2210
340      8.2221      7.3121      7.4862      4.3025      2.1103      4.1190      2.6661      4.2414      3.0080      7.3121      0.6889      4.3025     -2.8455      4.1190      0.6903      4.2414
341      8.3251      7.2909      7.5554      4.2934      2.1808      4.1050      2.7325      4.2277      2.9119      7.2909      0.6919      4.2934     -2.7628      4.1050      0.6061      4.2277
342      8.3842      7.2709      7.5758      4.2811      2.3156      4.0916      2.7458      4.2186      2.9094      7.2709      0.5683      4.2811     -2.7668      4.0916      0.6975      4.2186
343      8.3248      7.2517      7.4533      4.2744      2.2111      4.0785      2.9769      4.2050      2.7350      7.2517      0.5988      4.2744     -2.5411      4.0785      0.8153      4.2050
344      8.6796      7.2455      7.8460      4.2673      2.4355      4.0757      2.8005      4.2044      3.1045      7.2455      0.8557      4.2673     -2.8027      4.0757      1.0251      4.2044
345      8.5253      7.2280      7.6667      4.2557      2.5314      4.0696      2.7378      4.1917      3.1702      7.2280      0.7547      4.2557     -2.8201      4.0696      1.2359      4.1917
346      8.5248      7.2074      7.6606      4.2402      2.5604      4.0565      2.7261      4.1848      3.1713      7.2074      0.7200      4.2402     -2.8293      4.0565      1.2386      4.1848
347      8.7519      7.1945      7.9024      4.2326      2.7109      4.0516      2.6077      4.1750      3.1696      7.1945      0.6749      4.2326     -2.9376      4.0516      0.9805      4.1750
348      8.5595      7.1780      7.6730      4.2213      2.7832      4.0438      2.5776      4.1657      3.1080      7.1780      0.6990      4.2213     -2.7922      4.0438      1.1723      4.1657
349      8.6056      7.1595      7.6888      4.2160      2.9474      4.0304      2.5005      4.1521      3.1035      7.1595      0.6535      4.2160     -2.8617      4.0304      1.0075      4.1521
350      8.6022      7.1473      7.6853      4.2052      2.9468      4.0222      2.5004      4.1500      3.1059      7.1473      0.6540      4.2052     -2.8647      4.0222      1.0062      4.1500
351      8.5851      7.1277      7.6685      4.1974      2.9161      4.0102      2.5286      4.1357      3.1128      7.1277      0.6394      4.1974     -2.8870      4.0102      0.9724      4.1357
352      8.4454      7.1139      7.4322      4.1880      3.0886      4.0029      2.5589      4.1286      3.0911      7.1139      0.7814      4.1880     -2.7424      4.0029      1.1931      4.1286
353      8.5047      7.0956      7.5051      4.1752      3.0341      3.9955      2.6075      4.1172      3.0593      7.0956      0.8608      4.1752     -2.7184      3.9955      1.1085      4.1172
354      8.4694      7.0764      7.5411      4.1662      2.9244      3.9827      2.5119      4.1055      2.9706      7.0764      0.9559      4.1662     -2.6233      3.9827      1.0144      4.1055
355      8.2733      7.0592      7.3823      4.1582      2.7320      3.9728      2.5466      4.0937      2.9849      7.0592      0.8939      4.1582     -2.5613      3.9728      1.2451      4.0937
356      8.3405      7.0426      7.4056      4.1476      2.8254      3.9618      2.5956      4.0865      3.0620      7.0426      0.9878      4.1476     -2.5976      3.9618      1.2856      4.0865
357      8.3249      7.0259      7.3314      4.1409      2.8566      3.9508      2.7192      4.0752      3.1916      7.0259      0.9938      4.1409     -2.7231      3.9508      1.3355      4.0752
358      8.3351      7.0063      7.3522      4.1276      2.8099      3.9376      2.7428      4.0678      3.1875      7.0063      1.0467      4.1276     -2.6923      3.9376      1.3474      4.0678
359      8.3771      6.9871      7.4184      4.1171      2.7552      3.9292      2.7481      4.0533      3.2251      6.9871      1.0280      4.1171     -2.6976      3.9292      1.4378      4.0533
360      7.9931      6.9828      6.9801      4.1129      2.8473      3.9280      2.6571      4.0515      3.1553      6.9828      1.0301      4.1129     -2.3991      3.9280      1.7719      4.0515
361      8.0485      6.9665      7.0861      4.1034      2.7986      3.9206      2.5950      4.0402      3.0402      6.9665      1.0174      4.1034     -2.3320      3.9206      1.6642      4.0402
362      8.2594      6.9535      7.3471      4.0925      2.7281      3.9109      2.6066      4.0382      2.8816      6.9535      1.1232      4.0925     -2.0842      3.9109      1.6426      4.0382
363      8.4791      6.9418      7.5187      4.0875      2.9209      3.9045      2.6140      4.0294      3.0729      6.9418      1.1541      4.0875     -2.1337      3.9045      1.8863      4.0294
364      9.1493      6.9816      7.9978      4.1088      3.5788      3.9246      2.6339      4.0569      3.7421      6.9816      1.7711      4.1088     -2.5049      3.9246      2.1429      4.0569
365      9.1541      6.9624      7.9909      4.1016      3.6290      3.9109      2.6028      4.0443      3.7252      6.9624      1.7455      4.1016     -2.5364      3.9109      2.0969      4.0443
366      9.1176      6.9428      7.9442      4.0867      3.6365      3.8995      2.6071      4.0366      3.7328      6.9428      1.7346      4.0867     -2.5734      3.8995      2.0742      4.0366
367      8.6439      6.9398      7.5349      4.0825      3.4589      3.9015      2.4450      4.0338      3.7945      6.9398      1.4816      4.0825     -2.4660      3.9015      2.4743      4.0338
368      8.2082      6.9369      7.1776      4.0811      3.0750      3.8991      2.5300      4.0327      3.8531      6.9369      1.2462      4.0811     -2.2432      3.8991      2.8743      4.0327
369      8.1720      6.9161      7.1322      4.0657      3.0773      3.8934      2.5383      4.0180      3.8228      6.9161      1.2406      4.0657     -2.2495      3.8934      2.8309      4.0180
370      8.0120      6.8977      7.0585      4.0517      2.9215      3.8835      2.4154      4.0101      3.9002      6.8977      1.4515      4.0517     -2.3027      3.8835      2.7932      4.0101
371      7.6636      6.8895      6.7176      4.0472      2.6749      3.8802      2.5397      4.0037      4.0806      6.8895      1.4293      4.0472     -2.1401      3.8802      3.1668      4.0037
372      7.8755      6.8882      7.0849      4.0463      2.4659      3.8799      2.3974      4.0027      4.4745      6.8882      1.3380      4.0463     -2.4161      3.8799      3.5204      4.0027
373      7.9674      6.8887      6.9802      4.0503      2.8218      3.8781      2.6066      4.0011      4.8548      6.8887      1.1822      4.0503     -2.6449      3.8781      3.8956      4.0011
374      7.8694      6.8711      6.9023      4.0375      2.7333      3.8661      2.6105      3.9954      4.9361      6.8711      1.2656      4.0375     -2.7058      3.8661      3.9296      3.9954
375      7.9965      6.9417      7.4193      4.0798      1.8684      3.9056      2.3253      4.0359      4.1913      6.9417      0.6470      4.0798     -2.8149      3.9056      3.0373      4.0359
376      7.9015      6.9254      7.3478      4.0675      1.7160      3.8943      2.3448      4.0313      4.1623      6.9254      0.4888      4.0675     -2.7615      3.8943      3.0756      4.0313
377      7.9634      6.9072      7.4085      4.0547      1.7074      3.8880      2.3696      4.0190      4.1837      6.9072      0.4683      4.0547     -2.7331      3.8880      3.1327      4.0190
378      8.0643      6.8909      7.5299      4.0428      1.6999      3.8770      2.3333      4.0137      4.0912      6.8909      0.4827      4.0428     -2.6197      3.8770      3.1051      4.0137
379      8.0440      6.9115      7.6476      4.0591      1.0519      3.8868      2.2612      4.0230      3.5307      6.9115      0.4296      4.0591     -2.5612      3.8868      2.3919      4.0230
380      8.0908      6.8954      7.6995      4.0498      0.9269      3.8774      2.3064      4.0139      3.6081      6.8954      0.3148      4.0498     -2.5760      3.8774      2.5067      4.0139
381      8.0921      6.8788      7.7119      4.0439      0.8999      3.8668      2.2801      4.0015      3.5682      6.8788      0.3117      4.0439     -2.5519      3.8668      2.4744      4.0015
382      8.0659      6.8620      7.6630      4.0332      0.8578      3.8586      2.3668      3.9915      3.6202      6.8620      0.3903      4.0332     -2.6081      3.8586      2.4802      3.9915
383      8.1080      6.8452      7.7078      4.0263      0.9281      3.8486      2.3385      3.9792      3.6652      6.8452      0.4056      4.0263     -2.5890      3.8486      2.5624      3.9792
384      8.1656      6.8473      7.7832      4.0304      0.4760      3.8480      2.4231      3.9793      3.9618      6.8473      0.1217      4.0304     -2.5860      3.8480      2.9989      3.9793
385      8.1588      6.8290      7.7709      4.0195      0.4769      3.8384      2.4396      3.9681      3.9670      6.8290      0.1100      4.0195     -2.6009      3.8384      2.9933      3.9681
386      8.1701      6.8115      7.7783      4.0113      0.4446      3.8261      2.4597      3.9582      3.9727      6.8115      0.1344      4.0113     -2.5798      3.8261      3.0182      3.9582
387      7.9418      6.8377      7.3477      4.0301      1.0578      3.8407      2.8221      3.9701      3.1874      6.8377     -0.0020      4.0301     -2.2899      3.8407      2.2171      3.9701
388      7.9115      6.8240      7.2953      4.0232      1.2217      3.8311      2.8069      3.9629      3.2474      6.8240      0.1164      4.0232     -2.2375      3.8311      2.3506      3.9629
389      7.7837      6.8080      7.1853      4.0132      1.1635      3.8246      2.7574      3.9516      3.3667      6.8080      0.0736      4.0132     -2.2859      3.8246      2.4705      3.9516
390      7.9071      6.7916      7.2859      4.0026      1.1593      3.8158      2.8449      3.9425      3.2528      6.7916      0.1452      4.0026     -2.1818      3.8158      2.4082      3.9425
391      8.0696      6.8153      7.2999      4.0211      1.7874      3.8271      2.9387      3.9537      3.8356      6.8153      0.1158      4.0211     -2.2784      3.8271      3.0834      3.9537
392      8.2877      6.8040      7.5166      4.0125      1.8720      3.8224      2.9467      3.9477      4.0504      6.8040      0.1421      4.0125     -2.4016      3.8224      3.2585      3.9477
393      8.3410      6.7904      7.5091      4.0080      1.9169      3.8134      3.0842      3.9374      4.1605      6.7904      0.0806      4.0080     -2.5246      3.8134      3.3060      3.9374
394      8.0609      6.7734      7.2771      3.9952      1.8488      3.8073      2.9333      3.9272      4.0949      6.7734      0.2575      3.9952     -2.6448      3.8073      3.1156      3.9272
395      7.8841      6.7654      7.2091      3.9880      1.7164      3.8058      2.6912      3.9221      4.1224      6.7654     -0.0359      3.9880     -2.6186      3.8058      3.1836      3.9221
396      7.8164      6.7522      7.1616      3.9824      1.5069      3.7962      2.7452      3.9143      4.2363      6.7522     -0.1752      3.9824     -2.5680      3.7962      3.3646      3.9143
397      7.7683      6.7346      7.1285      3.9734      1.4601      3.7868      2.7202      3.9022      4.1823      6.7346     -0.1427      3.9734     -2.5551      3.7868      3.3080      3.9022
398      7.8197      6.7177      7.1692      3.9634      1.4945      3.7750      2.7417      3.8946      4.1370      6.7177     -0.1645      3.9634     -2.5140      3.7750      3.2813      3.8946
399      7.4593      6.7095      6.7588      3.9568      1.3193      3.7744      2.8669      3.8878      3.8113      6.7095     -0.2807      3.9568     -2.4908      3.7744      2.8711      3.8878
400      7.3975      6.7137      6.4583      3.9615      1.7838      3.7770      3.1356      3.8877      3.3553      6.7137     -0.5364      3.9615     -2.3701      3.7770      2.3136      3.8877
401      7.4127      6.6994      6.4969      3.9546      1.8804      3.7680      3.0336      3.8789      3.3626      6.6994     -0.6263      3.9546     -2.2871      3.7680      2.3841      3.8789
402      7.3787      6.6842      6.4902      3.9498      1.8106      3.7574      3.0073      3.8678      3.2936      6.6842     -0.6307      3.9498     -2.2610      3.7574      2.3104      3.8678
403      7.5831      6.6786      6.7733      3.9463      1.6301      3.7568      2.9948      3.8622      3.4881      6.6786     -0.5867      3.9463     -2.2004      3.7568      2.6422      3.8622
404      7.5404      6.6618      6.7340      3.9359      1.6361      3.7453      2.9722      3.8551      3.5077      6.6618     -0.5905      3.9359     -2.2430      3.7453      2.6314      3.8551
405      7.5550      6.6467      6.7377      3.9300      1.6294      3.7355      3.0046      3.8444      3.5263      6.6467     -0.6054      3.9300     -2.2722      3.7355      2.6278      3.8444
406      7.6221      6.6323      6.7379      3.9193      1.6174      3.7318      3.1751      3.8341      3.4924      6.6323     -0.4275      3.9193     -2.2790      3.7318      2.6116      3.8341
407      7.4446      6.6157      6.5829      3.9067      1.5573      3.7235      3.1085      3.8262      3.4837      6.6157     -0.3332      3.9067     -2.3858      3.7235      2.5165      3.8262
408      7.3925      6.5998      6.4974      3.8951      1.5598      3.7185      3.1624      3.8156      3.5139      6.5998     -0.2830      3.8951     -2.3580      3.7185      2.5898      3.8156
409      7.4875      6.5927      6.6208      3.8929      1.3285      3.7144      3.2345      3.8096      3.3208      6.5927     -0.1668      3.8929     -2.3769      3.7144      2.3131      3.8096
410      7.5701      6.5775      6.7037      3.8811      1.3430      3.7077      3.2501      3.8018      3.3281      6.5775     -0.1898      3.8811     -2.3272      3.7077      2.3715      3.8018
411      7.7259      6.5695      6.8808      3.8773      1.1829      3.7045      3.3081      3.7950      3.1786      6.5695     -0.1366      3.8773     -2.3663      3.7045      2.1179      3.7950
412      7.5742      6.5563      6.7049      3.8675      1.2034      3.7009      3.3113      3.7856      3.3180      6.5563     -0.1548      3.8675     -2.3974      3.7009      2.2886      3.7856
413      7.4026      6.5401      6.5633      3.8553      1.1363      3.6936      3.2297      3.7772      3.3117      6.5401     -0.0420      3.8553     -2.4839      3.6936      2.1899      3.7772
414      7.6181      6.5284      6.7374      3.8495      1.3393      3.6877      3.2937      3.7686      3.1246      6.5284      0.0626      3.8495     -2.4552      3.6877      1.9317      3.7686
415      7.5429      6.5135      6.6562      3.8426      1.2421      3.6795      3.3236      3.7578      3.1883      6.5135      0.0783      3.8426     -2.4392      3.6795      2.0517      3.7578
416      7.4301      6.5016      6.5546      3.8342      1.3709      3.6715      3.2193      3.7537      3.2881      6.5016     -0.0896      3.8342     -2.5730      3.6715      2.0453      3.7537
417      7.5102      6.4882      6.5296      3.8309      1.5721      3.6616      3.3611      3.7434      3.0419      6.4882     -0.0433      3.8309     -2.4281      3.6616      1.8318      3.7434
418      7.6324      6.4854      6.5925      3.8330      1.9157      3.6583      3.3350      3.7398      3.2588      6.4854     -0.1146      3.8330     -2.4106      3.6583      2.1900      3.7398
419      7.7033      6.4737      6.6768      3.8281      1.7763      3.6496      3.4067      3.7330      3.2701      6.4737     -0.0400      3.8281     -2.3043      3.6496      2.3200      3.7330
420      7.7080      6.4577      6.6805      3.8218      1.7621      3.6397      3.4174      3.7213      3.2757      6.4577     -0.0485      3.8218     -2.2968      3.6397      2.3351      3.7213
421      7.7123      6.4423      6.6876      3.8130      1.7679      3.6326      3.4103      3.7105      3.2729      6.4423     -0.0540      3.8130     -2.3009      3.6326      2.3269      3.7105
422      7.7314      6.4293      6.7257      3.8037      1.6278      3.6235      3.4481      3.7066      3.2622      6.4293      0.0965      3.8037     -2.2438      3.6235      2.3660      3.7066
423      7.7607      6.4144      6.7353      3.7993      1.7684      3.6129      3.4257      3.6955      3.1715      6.4144      0.1233      3.7993     -2.2607      3.6129      2.2210      3.6955
424      7.7112      6.3998      6.6882      3.7890      1.7575      3.6076      3.4119      3.6859      3.2149      6.3998      0.1082      3.7890     -2.2787      3.6076      2.2652      3.6859
425      7.3057      6.3918      6.2712      3.7818      1.7507      3.6061      3.3136      3.6809      3.1470      6.3918      0.2109      3.7818     -2.4812      3.6061      1.9243      3.6809
426      7.3881      6.3828      6.3544      3.7743      1.7663      3.6045      3.3295      3.6745      3.2182      6.3828      0.1932      3.7743     -2.5136      3.6045      2.0002      3.6745
427      7.2845      6.3678      6.1924      3.7632      1.8047      3.6001      3.3854      3.6642      3.1485      6.3678      0.1347      3.7632     -2.5445      3.6001      1.8494      3.6642
428      7.2125      6.3529      6.0920      3.7541      1.8773      3.5921      3.3741      3.6556      3.1399      6.3529      0.0978      3.7541     -2.6065      3.5921      1.7480      3.6556
429      7.5262      6.3580      6.3722      3.7593      2.3150      3.5939      3.2680      3.6573      3.0531      6.3580      0.2553      3.7593     -2.7586      3.5939      1.2830      3.6573
430      7.5320      6.3442      6.3670      3.7546      2.3080      3.5845      3.2963      3.6473      3.0739      6.3442      0.2485      3.7546     -2.7852      3.5845      1.2765      3.6473
431      7.4686      6.3301      6.3081      3.7450      2.2562      3.5757      3.3011      3.6415      3.1312      6.3301      0.2906      3.7450     -2.8260      3.5757      1.3168      3.6415
432      7.6619      6.3220      6.5540      3.7379      2.2685      3.5741      3.2564      3.6361      3.1350      6.3220      0.2642      3.7379     -2.9199      3.5741      1.1102      3.6361
433      7.6643      6.3099      6.5379      3.7326      2.1339      3.5663      3.3828      3.6283      3.0966      6.3099      0.3803      3.7326     -2.8226      3.5663      1.2155      3.6283
434      7.6083      6.2969      6.5587      3.7245      2.0438      3.5599      3.2699      3.6202      3.1822      6.2969      0.5063      3.7245     -2.8707      3.5599      1.2763      3.6202
435      7.4353      6.2828      6.3807      3.7152      1.9446      3.5543      3.2845      3.6107      3.0680      6.2828      0.4811      3.7152     -2.8256      3.5543      1.0943      3.6107
436      7.4824      6.2689      6.4289      3.7062      1.9717      3.5482      3.2816      3.6019      3.0345      6.2689      0.4727      3.7062     -2.8085      3.5482      1.0473      3.6019
437      7.4999      6.2577      6.4854      3.6994      1.8336      3.5408      3.2901      3.5966      2.9807      6.2577      0.5975      3.6994     -2.7652      3.5408      0.9388      3.5966
438      7.4802      6.2444      6.4857      3.6898      1.8315      3.5368      3.2457      3.5873      2.9649      6.2444      0.5519      3.6898     -2.7567      3.5368      0.9417      3.5873
439      7.4249      6.2296      6.3815      3.6800      1.8774      3.5318      3.2986      3.5766      2.9090      6.2296      0.5071      3.6800     -2.7408      3.5318      0.8326      3.5766
440      7.5199      6.2176      6.5026      3.6713      1.8363      3.5263      3.3006      3.5701      2.8757      6.2176      0.5318      3.6713     -2.6691      3.5263      0.9289      3.5701
441      7.4630      6.2119      6.5843      3.6716      1.8452      3.5213      2.9896      3.5647      3.1697      6.2119      0.5877      3.6716     -2.9686      3.5213      0.9428      3.5647
442      7.5359      6.1973      6.6706      3.6616      1.8061      3.5150      3.0052      3.5559      3.1197      6.1973      0.6318      3.6616     -2.9319      3.5150      0.8586      3.5559
443      7.4294      6.1836      6.5339      3.6524      1.8687      3.5089      3.0020      3.5476      3.1458      6.1836      0.6031      3.6524     -2.9995      3.5089      0.7320      3.5476
444      7.4213      6.1695      6.4800      3.6467      1.9488      3.5005      3.0474      3.5371      3.0818      6.1695      0.5913      3.6467     -2.9575      3.5005      0.6330      3.5371
445      7.3637      6.1556      6.4824      3.6366      1.9436      3.4965      2.9025      3.5271      3.1437      6.1556      0.7380      3.6366     -2.9909      3.4965      0.6270      3.5271
446      7.1279      6.1440      6.2588      3.6277      1.9089      3.4913      2.8265      3.5214      3.2815      6.1440      0.8212      3.6277     -3.1408      3.4913      0.4788      3.5214
447      7.1813      6.1314      6.3249      3.6199      1.8290      3.4852      2.8675      3.5133      3.2906      6.1314      0.7446      3.6199     -3.1534      3.4852      0.5741      3.5133
448      7.1751      6.1192      6.2600      3.6111      1.8304      3.4817      2.9906      3.5046      3.3528      6.1192      0.8650      3.6111     -3.1784      3.4817      0.6253      3.5046
449      7.3184      6.1083      6.4130      3.6029      1.8627      3.4769      2.9939      3.4989      3.2462      6.1083      0.8654      3.6029     -3.0866      3.4769      0.5114      3.4989
450      7.2997      6.0956      6.3989      3.5987      1.9047      3.4680      2.9517      3.4899      3.2130      6.0956      0.8668      3.5987     -3.0437      3.4680      0.5550      3.4899
451      7.4474      6.0841      6.5113      3.5913      1.9432      3.4630      3.0481      3.4822      3.1366      6.0841      0.9520      3.5913     -2.9552      3.4630      0.4455      3.4822
452      7.4132      6.0710      6.4740      3.5820      1.9199      3.4541      3.0590      3.4779      3.1733      6.0710      0.9728      3.5820     -2.9885      3.4541      0.4383      3.4779
453      7.3900      6.0577      6.4375      3.5772      1.8513      3.4447      3.1215      3.4689      3.1167      6.0577      0.9533      3.5772     -2.9243      3.4447      0.5032      3.4689
454      7.3611      6.0463      6.4508      3.5717      1.8727      3.4386      3.0108      3.4607      3.0215      6.0463      0.8801      3.5717     -2.8440      3.4386      0.5160      3.4607
455      7.1074      6.0465      6.1534      3.5703      2.0511      3.4400      2.9056      3.4611      3.1790      6.0465      0.6391      3.5703     -3.0124      3.4400      0.7892      3.4611
456      6.9868      6.0447      6.1970      3.5705      1.9192      3.4393      2.5941      3.4585      2.9028      6.0447      0.4230      3.5705     -2.7930      3.4393      0.6683      3.4585
457      6.9915      6.0322      6.1751      3.5646      1.9291      3.4317      2.6510      3.4503      2.9492      6.0322      0.3875      3.5646     -2.8457      3.4317      0.6706      3.4503
458      6.8758      6.0240      5.9772      3.5594      1.9693      3.4272      2.7697      3.4458      3.1487      6.0240      0.4072      3.5594     -3.0171      3.4272      0.8033      3.4458
459      6.7653      6.0463      6.0826      3.5748      1.3656      3.4385      2.6279      3.4576      2.9620      6.0463      0.1204      3.5748     -2.9496      3.4385      0.2426      3.4576
460      6.9437      6.0374      6.1615      3.5723      1.5207      3.4323      2.8174      3.4508      2.7714      6.0374      0.2078      3.5723     -2.7628      3.4323      0.0672      3.4508
461      7.0147      6.0252      6.2249      3.5633      1.5666      3.4258      2.8290      3.4452      2.7342      6.0252      0.1635      3.5633     -2.7269      3.4258      0.1153      3.4452
462      7.2104      6.0221      6.5355      3.5600      1.5042      3.4276      2.6485      3.4415      2.8695      6.0221      0.3058      3.5600     -2.8241      3.4276      0.4061      3.4415
463      7.1064      6.0115      6.3928      3.5528      1.5564      3.4241      2.6851      3.4338      2.9089      6.0115      0.3303      3.5528     -2.8367      3.4241      0.5525      3.4338
464      7.0575      5.9987      6.3658      3.5431      1.4923      3.4163      2.6567      3.4291      2.9301      5.9987      0.4053      3.5431     -2.8519      3.4163      0.5362      3.4291
465      6.9612      5.9956      6.3901      3.5420      1.3116      3.4143      2.4300      3.4270      3.1129      5.9956      0.1719      3.5420     -3.0359      3.4143      0.6663      3.4270
466      6.8633      5.9863      6.2937      3.5388      1.1390      3.4078      2.4893      3.4204      3.1481      5.9863      0.2100      3.5388     -3.1031      3.4078      0.4871      3.4204
467      6.8878      5.9764      6.3313      3.5314      1.2371      3.4026      2.4137      3.4159      3.1397      5.9764      0.0861      3.5314     -3.1061      3.4026      0.4499      3.4159
468      6.7645      5.9660      6.2067      3.5243      1.2806      3.3992      2.3656      3.4084      3.1344      5.9660      0.0353      3.5243     -3.0799      3.3992      0.5810      3.4084
469      6.8753      5.9550      6.3337      3.5161      1.2511      3.3966      2.3639      3.4003      3.1520      5.9550      0.0327      3.5161     -3.0717      3.3966      0.7061      3.4003
470      6.9159      5.9433      6.3707      3.5111      1.2133      3.3886      2.4024      3.3930      3.1131      5.9433      0.0410      3.5111     -3.0214      3.3886      0.7488      3.3930
471      6.8289      5.9316      6.2757      3.5025      1.2279      3.3841      2.3962      3.3858      3.0924      5.9316      0.0404      3.5025     -2.9788      3.3841      0.8297      3.3858
472      6.6720      5.9185      6.1501      3.4926      1.2013      3.3805      2.2912      3.3768      3.0659      5.9185      0.1633      3.4926     -2.9792      3.3805      0.7054      3.3768
473      6.6813      5.9060      6.1611      3.4840      1.2039      3.3734      2.2872      3.3710      3.0588      5.9060      0.1639      3.4840     -2.9704      3.3734      0.7115      3.3710
474      6.6515      5.8935      6.1142      3.4755      1.1939      3.3684      2.3309      3.3627      3.0414      5.8935      0.2007      3.4755     -2.9408      3.3684      0.7493      3.3627
475      6.7553      5.8874      6.1339      3.4744      1.2968      3.3640      2.5155      3.3577      3.2331      5.8874      0.0979      3.4744     -3.1152      3.3640      0.8597      3.3577
476      6.7591      5.8758      6.1261      3.4687      1.3274      3.3560      2.5288      3.3512      3.2558      5.8758      0.0751      3.4687     -3.1323      3.3560      0.8850      3.3512
477      6.7823      5.8650      6.1449      3.4639      1.4473      3.3483      2.4790      3.3448      3.2537      5.8650      0.1529      3.4639     -3.0986      3.3483      0.9807      3.3448
478      6.7847      5.8530      6.1096      3.4561      1.4321      3.3437      2.5796      3.3366      3.2193      5.8530      0.2476      3.4561     -3.0474      3.3437      1.0079      3.3366
479      6.7884      5.8422      6.1280      3.4486      1.3445      3.3360      2.5928      3.3331      3.2100      5.8422      0.3358      3.4486     -3.0194      3.3360      1.0366      3.3331
480      6.7187      5.8308      6.0549      3.4435      1.2265      3.3280      2.6410      3.3263      3.1805      5.8308      0.2816      3.4435     -2.9538      3.3280      1.1451      3.3263
481      6.8182      5.8321      6.0572      3.4473      1.5569      3.3272      2.7154      3.3255      3.3886      5.8321      0.2142      3.4473     -3.0417      3.3272      1.4781      3.3255
482      6.8693      5.8231      6.1359      3.4410      1.6297      3.3222      2.6235      3.3212      3.3096      5.8231      0.1101      3.4410     -2.9646      3.3222      1.4671      3.3212
483      7.1335      5.8223      6.3733      3.4413      1.8879      3.3221      2.5892      3.3197      3.5064      5.8223      0.1993      3.4413     -3.0173      3.3221      1.7750      3.3197
484      7.3940      5.8256      6.7522      3.4413      1.8183      3.3276      2.4026      3.3200      3.6917      5.8256      0.3875      3.4413     -2.9933      3.3276      2.1258      3.3200
485      7.4064      5.8143      6.7640      3.4334      1.8224      3.3207      2.4045      3.3151      3.6800      5.8143      0.3863      3.4334     -2.9837      3.3207      2.1191      3.3151
486      7.4650      5.8044      6.8199      3.4297      1.7348      3.3149      2.4911      3.3075      3.6805      5.8044      0.3368      3.4297     -2.9124      3.3149      2.2251      3.3075
487      7.6090      5.7958      6.9783      3.4228      1.7445      3.3092      2.4815      3.3053      3.6024      5.7958      0.3401      3.4228     -2.7744      3.3092      2.2725      3.3053
488      7.7794      5.7937      7.1866      3.4225      1.5507      3.3091      2.5430      3.3022      3.7548      5.7937      0.2860      3.4225     -2.7324      3.3091      2.5594      3.3022
489      7.6616      5.7839      7.0726      3.4154      1.5240      3.3027      2.5211      3.2986      3.8614      5.7839      0.2893      3.4154     -2.8333      3.3027      2.6075      3.2986
490      7.8708      5.7899      7.3063      3.4201      1.2386      3.3065      2.6520      3.3004      3.6991      5.7899      0.3951      3.4201     -2.9259      3.3065      2.2285      3.3004
491      7.9827      5.7784      7.4115      3.4129      1.3135      3.3000      2.6585      3.2942      3.5901      5.7784      0.3634      3.4129     -2.8634      3.3000      2.1349      3.2942
492      7.7925      5.7703      7.2863      3.4071      1.3617      3.2982      2.4039      3.2878      3.6271      5.7703      0.6099      3.4071     -2.9684      3.2982      1.9931      3.2878
493      8.0155      5.7655      7.4589      3.4054      1.5805      3.2944      2.4729      3.2849      3.3833      5.7655      0.5388      3.4054     -2.8297      3.2944      1.7747      3.2849
494      7.9614      5.7549      7.4069      3.3976      1.5866      3.2907      2.4504      3.2782      3.4207      5.7549      0.5084      3.3976     -2.8502      3.2907      1.8218      3.2782
495      7.7959      5.7445      7.2753      3.3900      1.5264      3.2856      2.3486      3.2729      3.4910      5.7445      0.6249      3.3900     -2.9563      3.2856      1.7483      3.2729
496      7.6782      5.7345      7.1464      3.3827      1.4813      3.2825      2.3852      3.2660      3.5584      5.7345      0.6551      3.3827     -2.9557      3.2825      1.8701      3.2660
497      7.5734      5.7246      7.0638      3.3760      1.4143      3.2757      2.3365      3.2625      3.6462      5.7246      0.7242      3.3760     -3.0415      3.2757      1.8760      3.2625
498      7.5762      5.7137      7.0675      3.3719      1.3976      3.2677      2.3442      3.2555      3.6477      5.7137      0.7311      3.3719     -3.0324      3.2677      1.8910      3.2555
499      7.5187      5.7167      7.1146      3.3728      1.0760      3.2690      2.1806      3.2587      3.8169      5.7167      1.0813      3.3728     -3.0442      3.2690      2.0329      3.2587
500      7.5151      5.7067      7.0758      3.3659      1.0340      3.2653      2.3110      3.2519      3.8351      5.7067      1.2132      3.3659     -2.9929      3.2653      2.0685      3.2519
501      7.5224      5.6961      7.0822      3.3588      1.0315      3.2591      2.3161      3.2470      3.8299      5.6961      1.2189      3.3588     -2.9858      3.2591      2.0659      3.2470
502      7.5856      5.6865      7.1677      3.3537      0.9603      3.2548      2.2899      3.2396      3.9090      5.6865      1.2313      3.3537     -3.0046      3.2548      2.1763      3.2396
503      7.5476      5.6757      7.1506      3.3475      0.8797      3.2481      2.2498      3.2337      3.8822      5.6757      1.3070      3.3475     -2.9820      3.2481      2.1144      3.2337
504      7.6342      5.6656      7.2061      3.3438      0.9572      3.2412      2.3318      3.2269      3.7700      5.6656      1.3251      3.3438     -2.8892      3.2412      2.0272      3.2269
505      7.6605      5.6553      7.2316      3.3370      0.9734      3.2355      2.3322      3.2214      3.7444      5.6553      1.3178      3.3370     -2.8741      3.2355      2.0058      3.2214
506      7.8154      5.6477      7.4134      3.3309      0.9420      3.2346      2.2880      3.2154      3.8647      5.6477      1.3482      3.3309     -2.8931      3.2346      2.1791      3.2154
507      7.8305      5.6375      7.4238      3.3235      0.9821      3.2275      2.2891      3.2123      3.8428      5.6375      1.3072      3.3235     -2.8866      3.2275      2.1739      3.2123
508      7.6212      5.6364      7.3112      3.3219      0.9170      3.2291      1.9465      3.2105      4.0434      5.6364      1.6451      3.3219     -3.0462      3.2291      2.0890      3.2105
509      7.1119      5.6830      6.8634      3.3481      1.1140      3.2570      1.4939      3.2372      4.3413      5.6830      1.0855      3.3481     -3.4328      3.2570      2.4259      3.2372
510      7.3153      5.7672      6.8403      3.4000      0.7982      3.3041      2.4672      3.2838      3.9597      5.7672      1.5164      3.4000     -2.4990      3.3041      2.6711      3.2838
511      7.3233      5.7568      6.8527      3.3941      0.7856      3.2972      2.4603      3.2785      3.9469      5.7568      1.5258      3.3941     -2.4857      3.2972      2.6591      3.2785
512      7.2096      5.7510      6.7510      3.3934      0.5301      3.2928      2.4741      3.2737      3.7722      5.7510      1.5218      3.3934     -2.4860      3.2928      2.3945      3.2737
513      7.1617      5.7399      6.7064      3.3851      0.5203      3.2876      2.4583      3.2678      3.7787      5.7399      1.5416      3.3851     -2.5137      3.2876      2.3630      3.2678
514      6.8729      5.7380      6.3550      3.3828      0.4087      3.2890      2.5850      3.2656      3.6418      5.7380      1.4665      3.3828     -2.6336      3.2890      2.0437      3.2656
515      6.8856      5.7344      6.3351      3.3828      0.7106      3.2854      2.6025      3.2629      3.4454      5.7344      1.3407      3.3828     -2.6303      3.2854      1.7761      3.2629
516      7.0676      5.7283      6.4597      3.3809      0.8895      3.2814      2.7263      3.2581      3.2715      5.7283      1.4104      3.3809     -2.5022      3.2814      1.5661      3.2581
517      7.1283      5.7186      6.5372      3.3737      0.8670      3.2751      2.7066      3.2549      3.2418      5.7186      1.4443      3.3737     -2.4310      3.2751      1.5854      3.2549
518      7.1875      5.7120      6.6357      3.3708      0.7293      3.2714      2.6640      3.2500      3.3517      5.7120      1.5098      3.3708     -2.4316      3.2714      1.7441      3.2500
519      7.1879      5.7022      6.6348      3.3637      0.6694      3.2650      2.6828      3.2466      3.3788      5.7022      1.5757      3.3637     -2.4240      3.2650      1.7485      3.2466
520      7.1390      5.6929      6.5669      3.3582      0.5936      3.2603      2.7365      3.2406      3.4417      5.6929      1.6366      3.3582     -2.4110      3.2603      1.8315      3.2406
521      7.1243      5.6842      6.5600      3.3545      0.5042      3.2539      2.7325      3.2357      3.5071      5.6842      1.6877      3.3545     -2.4157      3.2539      1.9016      3.2357
522      6.8743      5.6758      6.2947      3.3477      0.5316      3.2525      2.7109      3.2294      3.3926      5.6758      1.7323      3.3477     -2.4076      3.2525      1.6469      3.2294
523      6.8813      5.6658      6.2993      3.3433      0.5570      3.2453      2.7129      3.2237      3.3733      5.6658      1.7189      3.3433     -2.4039      3.2453      1.6265      3.2237
524      6.9065      5.6564      6.2923      3.3378      0.5126      3.2405      2.8008      3.2176      3.3869      5.6564      1.8016      3.3378     -2.3461      3.2405      1.6496      3.2176
525      6.9088      5.6467      6.2954      3.3309      0.5070      3.2338      2.8004      3.2144      3.3886      5.6467      1.8075      3.3309     -2.3429      3.2338      1.6511      3.2144
526      6.8647      5.6358      6.3000      3.3250      0.5161      3.2286      2.6773      3.2068      3.3826      5.6358      1.9059      3.3250     -2.2554      3.2286      1.6501      3.2068
527      6.9385      5.6278      6.3277      3.3187      0.5774      3.2260      2.7874      3.2016      3.3437      5.6278      1.7708      3.3187     -2.2741      3.2260      1.6949      3.2016
528      6.8448      5.6189      6.2368      3.3151      0.7009      3.2206      2.7315      3.1953      3.3214      5.6189      1.7770      3.3151     -2.3418      3.2206      1.5459      3.1953
529      6.6623      5.6326      5.9855      3.3224      1.0710      3.2277      2.7229      3.2047      3.4287      5.6326      1.3975      3.3224     -2.5717      3.2277      1.7858      3.2047
530      6.6724      5.6221      5.9803      3.3191      1.0961      3.2202      2.7489      3.1971      3.3951      5.6221      1.3968      3.3191     -2.5451      3.2202      1.7601      3.1971
531      6.6655      5.6124      5.9778      3.3120      1.0788      3.2138      2.7444      3.1939      3.4030      5.6124      1.4159      3.3120     -2.5461      3.2138      1.7587      3.1939
532      6.5245      5.6127      5.7490      3.3116      0.9103      3.2156      2.9478      3.1931      3.5775      5.6127      1.6175      3.3116     -2.4925      3.2156      1.9924      3.1931
533      6.7028      5.6113      5.9742      3.3099      0.7864      3.2149      2.9356      3.1931      3.4237      5.6113      1.7366      3.3099     -2.3244      3.2149      1.8175      3.1931
534      6.6384      5.6040      5.8403      3.3046      0.8116      3.2130      3.0498      3.1877      3.5668      5.6040      1.8353      3.3046     -2.3666      3.2130      1.9373      3.1877
535      6.5867      5.5939      5.7889      3.2974      0.8149      3.2086      3.0346      3.1819      3.5717      5.5939      1.8477      3.2974     -2.3970      3.2086      1.8968      3.1819
536      6.7822      5.5901      6.0315      3.2937      0.8357      3.2088      2.9868      3.1787      3.4143      5.5901      1.8203      3.2937     -2.3515      3.2088      1.6777      3.1787
537      6.7835      5.5807      6.0305      3.2869      0.8312      3.2046      2.9929      3.1735      3.4185      5.5807      1.8282      3.2869     -2.3515      3.2046      1.6776      3.1735
538      6.7942      5.5713      6.0489      3.2820      0.8136      3.1993      2.9850      3.1674      3.4010      5.5713      1.8333      3.2820     -2.3387      3.1993      1.6542      3.1674
539      6.7639      5.5623      6.0260      3.2770      0.8215      3.1932      2.9602      3.1629      3.4167      5.5623      1.8165      3.2770     -2.3724      3.1932      1.6571      3.1629
540      6.7264      5.5533      5.9527      3.2711      0.7797      3.1898      3.0335      3.1567      3.4649      5.5533      1.8821      3.2711     -2.3405      3.1898      1.7278      3.1567
541      6.7331      5.5442      5.9520      3.2646      0.7605      3.1852      3.0546      3.1520      3.4781      5.5442      1.9119      3.2646     -2.3352      3.1852      1.7287      3.1520
542      6.3322      5.5763      5.4097      3.2831      1.0450      3.2050      3.1210      3.1692      3.8638      5.5763      1.8295      3.2831     -2.4984      3.2050      2.3109      3.1692
543      6.2094      5.5708      5.2400      3.2790      0.9944      3.2011      3.1797      3.1679      3.9525      5.5708      1.8553      3.2790     -2.6578      3.2011      2.2619      3.1679
544      6.1846      5.5625      5.2587      3.2760      0.9201      3.1956      3.1223      3.1620      4.0424      5.5625      1.8954      3.2760     -2.7032      3.1956      2.3327      3.1620
545      6.0521      5.5571      5.2193      3.2718      0.7529      3.1931      2.9698      3.1593      4.0744      5.5571      2.1250      3.2718     -2.6606      3.1931      2.2375      3.1593
546      6.0241      5.5471      5.1623      3.2647      0.7417      3.1896      3.0151      3.1525      4.0455      5.5471      2.0863      3.2647     -2.6874      3.1896      2.1888      3.1525
547      6.1481      5.5421      5.2737      3.2627      0.9334      3.1863      3.0192      3.1492      4.0792      5.5421      1.9826      3.2627     -2.6548      3.1863      2.3794      3.1492
548      6.1216      5.5334      5.2249      3.2570      0.8913      3.1825      3.0626      3.1437      4.1287      5.5334      2.0306      3.2570     -2.6490      3.1825      2.4301      3.1437
549      6.1033      5.5409      5.1486      3.2605      1.2599      3.1857      3.0256      3.1498      3.9726      5.5409      1.6633      3.2605     -2.7578      3.1857      2.3259      3.1498
550      6.1123      5.5358      5.0243      3.2589      1.4380      3.1829      3.1700      3.1455      3.7396      5.5358      1.5688      3.2589     -2.6549      3.1829      2.1154      3.1455
551      5.7747      5.5350      4.7656      3.2570      1.2963      3.1844      2.9925      3.1444      3.7539      5.5350      1.8134      3.2570     -2.7090      3.1844      1.8614      3.1444
552      5.7789      5.5258      4.7784      3.2539      1.2506      3.1782      2.9997      3.1378      3.7380      5.5258      1.8211      3.2539     -2.7142      3.1782      1.8136      3.1378
553      5.6971      5.5222      4.6024      3.2520      1.3879      3.1771      3.0576      3.1345      3.8913      5.5222      1.8370      3.2520     -2.7636      3.1771      2.0323      3.1345
554      6.0086      5.5274      4.9598      3.2543      1.5512      3.1817      3.0162      3.1367      3.6452      5.5274      1.7933      3.2543     -2.6874      3.1817      1.6880      3.1367
555      6.0167      5.5184      4.9797      3.2502      1.5246      3.1765      3.0130      3.1302      3.6282      5.5184      1.7963      3.2502     -2.6830      3.1765      1.6547      3.1302
556      6.0996      5.5117      5.0435      3.2486      1.7044      3.1716      2.9771      3.1252      3.5765      5.5117      1.8000      3.2486     -2.7158      3.1716      1.4750      3.1252
557      6.5482      5.5212      5.4767      3.2529      1.8566      3.1796      3.0722      3.1293      3.6983      5.5212      1.6521      3.2529     -2.7059      3.1796      1.9042      3.1293
558      6.3035      5.5215      5.2081      3.2520      1.9309      3.1820      2.9802      3.1284      3.7986      5.5215      1.5229      3.2520     -2.7137      3.1820      2.1785      3.1284
559      6.5732      5.5437      5.1732      3.2665      2.0446      3.1944      3.5020      3.1397      4.0939      5.5437      1.1995      3.2665     -3.1768      3.1944      2.2866      3.1397
560      6.8723      5.5586      5.3889      3.2773      2.5094      3.2022      3.4483      3.1470      3.8587      5.5586      1.1663      3.2773     -3.2015      3.2022      1.8109      3.1470
561      7.0990      5.5735      5.3066      3.2885      2.6959      3.2095      3.8689      3.1542      4.2962      5.5735      1.1038      3.2885     -3.6367      3.2095      2.0033      3.1542
562      7.0960      5.5634      5.2760      3.2818      2.7101      3.2058      3.8952      3.1470      4.2671      5.5634      1.0804      3.2818     -3.6264      3.2058      1.9723      3.1470
563      7.0130      5.5578      5.1241      3.2780      2.6165      3.2041      4.0100      3.1429      4.3270      5.5578      1.1832      3.2780     -3.5790      3.2041      2.1245      3.1429
564      7.0350      5.5487      5.1433      3.2731      2.6350      3.1992      4.0118      3.1369      4.3103      5.5487      1.1825      3.2731     -3.5731      3.1992      2.1008      3.1369
565      7.4890      5.6443      5.0191      3.3322      3.6340      3.2530      4.2057      3.1896      5.0284      5.6443      1.2731      3.3322     -3.7622      3.2530      3.0839      3.1896
