## This list was generated at 2016-10-26 00:21:50
## Data file: GR.rank
## Global Spin Vector of selected source subsets.
##data format
##Num   w_tol   w_x   w_y   w_z
##            (Expectation | Std)
##unit: uas/yr
############################################################################
100      9.8549     10.7966      1.3622      6.3573     -9.6875      6.0549     -1.1901      6.2840
101      9.9262     10.6892      1.3112      6.3149     -9.7877      5.9886     -1.0052      6.2064
102     10.2847     10.5880      1.2874      6.2753    -10.1500      5.9202     -1.0465      6.1383
103     10.1645     10.4840      1.0451      6.1979    -10.0659      5.8693     -0.9510      6.0870
104     11.5668     10.6940     -0.3105      6.3046    -11.5489      5.9958      0.5625      6.2181
105     11.0683     10.6092     -0.3157      6.2810    -11.0366      5.9351      0.7753      6.1545
106     10.9893     10.5137      0.0042      6.2153    -10.9534      5.8843      0.8877      6.1060
107     10.7305     10.4463      0.0959      6.1786    -10.5956      5.8556      1.6937      6.0549
108     11.0328     10.3568     -0.1366      6.1327    -10.9039      5.8005      1.6760      6.0005
109     11.1043     10.2634     -0.0807      6.0857    -10.9781      5.7456      1.6675      5.9405
110     11.1534     10.1695      0.0183      6.0207    -11.0289      5.6919      1.6619      5.8967
111     11.2075     10.0945     -0.1518      5.9974    -10.9787      5.6421      2.2478      5.8391
112     11.5584     10.0376     -0.3765      5.9505    -11.4450      5.6230      1.5701      5.8074
113     11.5068      9.9615     -0.5919      5.9011    -11.4363      5.5969      1.1257      5.7519
114     11.4394      9.8774     -0.7946      5.8463    -11.3605      5.5493      1.0806      5.7086
115     11.3960      9.7900     -0.7818      5.7857    -11.3248      5.5154      1.0025      5.6524
116     10.5588      9.7626     -0.1162      5.7767    -10.4954      5.4943      1.1501      5.6348
117     10.3711      9.6848     -0.1406      5.7512    -10.2882      5.4409      1.3010      5.5783
118     10.3793      9.6005     -0.0338      5.6886    -10.2992      5.4038      1.2866      5.5325
119     10.4934      9.5254     -0.0527      5.6403    -10.4433      5.3697      1.0225      5.4851
120     10.1529      9.4591      0.4747      5.5954    -10.0964      5.3365      0.9590      5.4486
121      9.7459      9.4097     -0.1109      5.5638     -9.7057      5.3207      0.8774      5.4108
122      9.6359      9.3313     -0.0174      5.5046     -9.5974      5.2673      0.8601      5.3877
123      9.2368      9.2770     -0.0480      5.4844     -9.1542      5.2305      1.2309      5.3504
124     10.1891      9.4239      1.6575      5.5605    -10.0354      5.3178      0.6008      5.4417
125     10.1906      9.3463      1.7028      5.5246    -10.0382      5.2733      0.4273      5.3874
126      9.6976      9.2925      1.8156      5.4910     -9.5074      5.2333      0.5969      5.3677
127      9.4179      9.3712      2.5721      5.5482     -8.8637      5.2743      1.8752      5.4054
128      9.2436      9.3022      2.2596      5.4952     -8.7585      5.2273      1.9046      5.3860
129      9.1650      9.2340      2.1874      5.4615     -8.6547      5.1926      2.0759      5.3361
130      9.0067      9.1697      1.7772      5.4144     -8.5666      5.1666      2.1388      5.2985
131      9.1294      9.1031      1.9959      5.3700     -8.6473      5.1416      2.1416      5.2529
132      8.8559      9.1013      3.0267      5.3664     -8.1747      5.1358      1.5625      5.2593
133      8.6697      9.0609      3.3278      5.3575     -7.9572      5.1052      0.8795      5.2283
134      8.3419      8.9999      3.1762      5.3305     -7.6465      5.0643      1.0152      5.1901
135      8.1473      8.9361      2.9646      5.2837     -7.5364      5.0418      0.8900      5.1495
136      7.2278      9.0228      2.5784      5.3429     -6.4377      5.0846      2.0368      5.1973
137      7.0548      8.9671      2.9271      5.3133     -6.0702      5.0566      2.0871      5.1583
138      6.9951      8.9027      3.0736      5.2668     -5.9461      5.0213      2.0320      5.1288
139      6.1149      8.9086      2.7157      5.2660     -5.3316      5.0340      1.2613      5.1275
140      6.3632      8.8589      2.8262      5.2320     -5.6308      5.0124      0.8928      5.0974
141      6.4656      8.7962      2.8757      5.2040     -5.7254      4.9725      0.8687      5.0563
142      6.6474      8.7469      3.2316      5.1749     -5.6998      4.9375      1.1214      5.0349
143      6.6741      8.6838      3.2954      5.1288     -5.7137      4.9166      1.0190      4.9930
144      6.9465      8.6334      3.1944      5.0992     -6.0920      4.8794      0.9687      4.9724
145      6.9997      8.5754      3.2492      5.0727     -6.1372      4.8480      0.8796      4.9298
146      6.8034      8.5185      3.1817      5.0293     -5.9343      4.8120      0.9732      4.9107
147      6.7009      8.4626      2.9825      4.9899     -5.9465      4.7912      0.8034      4.8746
148      6.4035      8.4198      3.2079      4.9558     -5.5094      4.7629      0.6004      4.8629
149      6.4012      8.3647      3.1344      4.9329     -5.5604      4.7255      0.4824      4.8274
150      6.3562      8.3094      3.1331      4.8938     -5.5025      4.6997      0.5540      4.7968
151      6.3898      8.2596      3.4549      4.8605     -5.3378      4.6828      0.6332      4.7612
152      4.4229      8.4672      2.4203      4.9798     -3.5936      4.7953      0.8888      4.8889
153      4.2837      8.4138      2.3150      4.9560     -3.4720      4.7630      0.9675      4.8523
154      4.2486      8.3635      2.5699      4.9300     -3.2915      4.7320      0.7828      4.8219
155      4.3086      8.3217      2.9123      4.9031     -3.1493      4.7172      0.4053      4.7915
156      3.9649      8.2861      2.5430      4.8846     -3.0405      4.6949      0.0945      4.7705
157      3.9027      8.2349      2.4913      4.8574     -3.0034      4.6703      0.0564      4.7337
158      3.8559      8.1825      2.5567      4.8183     -2.8855      4.6353      0.0706      4.7171
159      3.6795      8.1437      2.4736      4.7974     -2.7063      4.6188     -0.3096      4.6873
160      4.2179      8.1197      3.0358      4.7759     -2.9270      4.6028     -0.0835      4.6835
161      4.1723      8.0694      2.9250      4.7385     -2.9753      4.5847      0.0170      4.6521
162      4.0930      8.0202      2.8215      4.7032     -2.9652      4.5616      0.0062      4.6255
163      3.8315      7.9846      2.6176      4.6910     -2.7734      4.5399      0.3700      4.5977
164      5.0819      8.6600      5.0039      5.0797     -0.0238      4.9199      0.8868      4.9987
165      4.9902      8.6157      4.9177      5.0660      0.2666      4.8889      0.8044      4.9663
166      5.0437      8.5633      4.9767      5.0270      0.2527      4.8658      0.7791      4.9379
167      5.2445      8.5779      5.1705      5.0438     -0.6927      4.8689      0.5397      4.9431
168      5.2038      8.6026      5.0845      5.0630      0.2325      4.8792      1.0834      4.9563
169      5.3120      8.5539      5.1599      5.0441      0.2849      4.8455      1.2294      4.9242
170      5.5210      8.5073      5.3633      5.0111      0.1259      4.8235      1.3040      4.8988
171      5.5635      8.4605      5.3679      4.9913      0.0594      4.7966      1.4608      4.8640
172      5.8823      8.4167      5.7087      4.9576      0.0423      4.7664      1.4179      4.8523
173      6.3121      8.3798      6.0830      4.9315      0.0846      4.7515      1.6832      4.8295
174      6.3396      8.3419      6.0461      4.9144      0.3883      4.7266      1.8666      4.8058
175      6.0857      8.3053      5.8993      4.8856      0.2203      4.7172      1.4787      4.7810
176      5.8057      8.3423      5.2462      4.9000      0.6570      4.7457      2.3984      4.8023
177      5.8143      8.2960      5.2465      4.8804      0.6437      4.7186      2.4220      4.7688
178      5.8716      8.2499      5.2634      4.8557      0.8232      4.6875      2.4687      4.7445
179      5.4186      8.2437      4.9861      4.8617      0.1668      4.6773      2.1147      4.7376
180      5.0384      8.2144      4.5290      4.8394      0.3632      4.6648      2.1775      4.7218
181      4.8486      8.1702      4.3544      4.8062      0.2896      4.6484      2.1129      4.6950
182      4.8476      8.1245      4.3766      4.7726      0.3528      4.6250      2.0544      4.6733
183      4.8981      8.1047      4.2707      4.7693      0.8915      4.6092      2.2267      4.6577
184      4.0202      8.2692      3.0070      4.8594     -0.5455      4.6987      2.6119      4.7631
185      4.0190      8.3009      2.5456      4.8808      0.2732      4.7174      3.0980      4.7780
186      3.9604      8.2575      2.3723      4.8494      0.1459      4.6948      3.1679      4.7570
187      3.8106      8.2180      2.4782      4.8366      0.1441      4.6668      2.8911      4.7290
188      3.2880      8.2039      1.8184      4.8234      0.2065      4.6629      2.7316      4.7219
189      3.3737      8.1632      1.6476      4.7929      0.1389      4.6514      2.9407      4.6937
190      3.5952      8.1243      1.7496      4.7735      0.0465      4.6248      3.1404      4.6722
191      3.6700      8.1141      2.1258      4.7739     -0.4919      4.6177      2.9510      4.6610
192      3.7445      8.0814      2.2520      4.7566     -0.1388      4.5928      2.9884      4.6464
193      3.9243      8.0445      2.4224      4.7400      0.1312      4.5713      3.0847      4.6205
194      3.8153      8.0037      2.4017      4.7096      0.2304      4.5532      2.9555      4.5987
195      3.7465      7.9619      2.3592      4.6803      0.2450      4.5351      2.9001      4.5738
196      3.2950      8.0131      1.2580      4.7041      0.7014      4.5607      2.9635      4.6132
197      3.5549      7.9855      0.9848      4.6822      0.5814      4.5544      3.3659      4.5937
198      3.4990      7.9464      0.9438      4.6573      0.7114      4.5328      3.2934      4.5726
199      3.9522      7.9320      1.4079      4.6475      0.6132      4.5297      3.6416      4.5605
200      4.3509      7.9702      2.5003      4.6637      1.1531      4.5509      3.3689      4.5895
201      5.0668      7.9967      3.4882      4.6770      1.7264      4.5722      3.2441      4.6008
202      5.1351      7.9575      3.5515      4.6531      1.7812      4.5472      3.2532      4.5817
203      5.2748      7.9193      3.7229      4.6275      1.8665      4.5325      3.2371      4.5561
204      5.2603      7.9116      3.1981      4.6174      2.2489      4.5250      3.5194      4.5605
205      5.2681      7.8729      3.1840      4.6044      2.2116      4.4984      3.5671      4.5328
206      5.4716      7.8413      3.1108      4.5811      2.4173      4.4841      3.7971      4.5157
207      5.9123      7.8315      3.6253      4.5751      2.8959      4.4806      3.6642      4.5083
208      5.5369      7.8085      3.1821      4.5572      2.8567      4.4697      3.5171      4.4974
209      4.9348      7.8095      3.0020      4.5672      2.7304      4.4647      2.8080      4.4939
210      6.8254      8.0448      3.3888      4.7013      4.2821      4.6011      4.0945      4.6310
211      7.1773      8.0140      3.5380      4.6880      4.4765      4.5836      4.3541      4.6084
212      7.1768      7.9813      3.7880      4.6705      4.4943      4.5607      4.1181      4.5920
213      7.2751      7.9458      3.8172      4.6601      4.6579      4.5353      4.0817      4.5662
214      7.2242      7.9096      3.8609      4.6345      4.5071      4.5119      4.1194      4.5525
215      7.0705      7.8854      3.7353      4.6277      4.6704      4.4957      3.7719      4.5334
216      6.8854      7.8565      3.3548      4.6055      4.6147      4.4855      3.8547      4.5160
217      6.8284      7.8267      3.3643      4.5942      4.3733      4.4636      4.0228      4.4974
218      6.8762      7.7921      3.3067      4.5737      4.5246      4.4425      3.9843      4.4792
219      6.8424      7.7562      3.2828      4.5472      4.5282      4.4323      3.9418      4.4538
220      6.7990      7.7198      3.2345      4.5298      4.3921      4.4083      4.0587      4.4320
221      6.9050      7.6889      3.0601      4.5117      4.4617      4.3957      4.2905      4.4093
222      6.9068      7.6588      2.8179      4.4886      4.5808      4.3744      4.3336      4.4016
223      6.7615      7.6266      2.7985      4.4791      4.4506      4.3510      4.2519      4.3787
224      6.6664      7.5964      2.5408      4.4572      4.3695      4.3297      4.3465      4.3696
225      6.7712      7.5827      2.6341      4.4556      4.0491      4.3204      4.7451      4.3565
226      6.8549      7.5494      2.6509      4.4308      4.1563      4.2977      4.7632      4.3464
227      6.7574      7.5176      2.7107      4.4182      4.0412      4.2759      4.6887      4.3256
228      6.6753      7.6051      3.7542      4.4688      3.3370      4.3256      4.3965      4.3768
229      6.6092      7.5735      3.6712      4.4512      3.1935      4.3074      4.4728      4.3579
230      4.4045      7.9012      2.9189      4.6392      1.8439      4.4973      2.7349      4.5477
231      4.2679      7.8738      2.6591      4.6224      1.9798      4.4857      2.6879      4.5288
232      4.9119      7.8679      3.0179      4.6228      2.4139      4.4773      3.0318      4.5263
233      4.9315      7.8350      2.9705      4.6011      2.3751      4.4633      3.1393      4.5051
234      4.8652      7.8021      2.9923      4.5847      2.2383      4.4405      3.1155      4.4873
235      4.9294      7.7728      3.1239      4.5687      2.0849      4.4266      3.1927      4.4664
236      4.8939      7.7549      2.8890      4.5571      2.4460      4.4119      3.1017      4.4616
237      4.7555      7.7240      2.8186      4.5464      2.2823      4.3910      3.0759      4.4395
238      4.6885      7.6928      2.8220      4.5249      2.1641      4.3692      3.0553      4.4288
239      4.7991      7.6628      2.8481      4.5161      2.3254      4.3478      3.0843      4.4068
240      4.5965      7.6519      2.9628      4.5093      1.8140      4.3379      3.0098      4.4045
241      4.5634      7.6206      2.8990      4.4962      1.7140      4.3165      3.0794      4.3846
242      4.4524      7.5915      2.8153      4.4829      1.7438      4.2956      2.9761      4.3683
243      3.9838      7.5805      2.5063      4.4817      1.2950      4.2874      2.8128      4.3586
244      3.5041      7.7546      1.0270      4.5808      0.2371      4.3822      3.3418      4.4662
245      3.4990      7.7234      0.8878      4.5575      0.2342      4.3731      3.3764      4.4448
246      3.5339      7.6984      1.1588      4.5385      0.0912      4.3580      3.3372      4.4357
247      3.5977      7.6780      1.5096      4.5246     -0.0775      4.3523      3.2647      4.4200
248      3.6365      7.6991      1.6683      4.5418      0.7709      4.3600      3.1379      4.4315
249      3.8142      7.6722      1.7833      4.5287      0.7219      4.3452      3.2934      4.4128
250      3.8581      7.6416      1.8382      4.5106      0.7682      4.3265      3.3039      4.3965
251      3.9132      7.6185      1.8332      4.5031      1.0622      4.3090      3.2900      4.3813
252      3.9896      7.8341      0.2526      4.6273     -0.1467      4.4274      3.9789      4.5120
253      3.9367      7.8055      0.1470      4.6125     -0.0372      4.4139      3.9338      4.4909
254      3.9343      7.7749      0.1188      4.5912     -0.0664      4.3930      3.9319      4.4801
255      3.9054      7.7498     -0.0123      4.5808      0.1241      4.3779      3.9034      4.4620
256      4.7330      7.9636     -0.3717      4.7031     -1.6517      4.4958      4.4199      4.5921
257      4.7173      7.9336     -0.4522      4.6847     -1.6079      4.4843      4.4117      4.5701
258      4.6859      7.9053     -0.2504      4.6630     -1.4943      4.4663      4.4341      4.5610
259      4.5641      7.8789     -0.4335      4.6442     -1.3610      4.4559      4.3348      4.5445
260      4.2449      7.9273     -0.0704      4.6714     -0.2651      4.4794      4.2360      4.5776
261      4.0689      7.9043      0.0580      4.6652      0.0233      4.4630      4.0685      4.5603
262      4.1576      7.8749      0.0769      4.6500     -0.0391      4.4443      4.1567      4.5431
263      3.6523      7.8887      0.7518      4.6543      0.1298      4.4572      3.5717      4.5499
264      3.6602      7.8659      1.0610      4.6373      0.3291      4.4465      3.4876      4.5384
265      3.7661      7.8379      1.0664      4.6287      0.3568      4.4270      3.5942      4.5177
266      3.5905      7.8176      1.3608      4.6179      0.2678      4.4122      3.3118      4.5080
267      3.6654      7.7898      1.3784      4.6060      0.1808      4.3958      3.3915      4.4880
268      4.3589      7.9307      2.0468      4.6860      1.7325      4.4723      3.4365      4.5757
269      4.4333      7.9014      2.2060      4.6655      1.7896      4.4609      3.4036      4.5569
270      4.4045      7.8722      2.0666      4.6465      1.7435      4.4466      3.4770      4.5397
271      4.3668      7.8501      1.8870      4.6365      1.5049      4.4344      3.6392      4.5235
272      4.2762      7.8360      1.3837      4.6235      1.3547      4.4300      3.8126      4.5167
273      3.9672      7.8126      1.3514      4.6086      1.2260      4.4207      3.5227      4.5005
274      3.9628      7.7866      1.3208      4.5933      1.0576      4.4033      3.5833      4.4883
275      4.3042      7.7755      1.2451      4.5886      0.8291      4.3978      4.0358      4.4791
276      4.1119      7.8068      1.0414      4.6064     -0.0743      4.4124      3.9771      4.5009
277      4.2109      7.7808      1.0745      4.5965     -0.1774      4.3937      4.0676      4.4842
278      4.2162      7.7526      1.0858      4.5752     -0.1871      4.3746      4.0697      4.4757
279      4.4195      7.7300      0.9378      4.5666     -0.2771      4.3597      4.3100      4.4600
280      4.4694      7.7480      1.5186      4.5727     -0.8164      4.3674      4.1235      4.4774
281      4.4431      7.7303      1.7728      4.5661     -0.4945      4.3571      4.0439      4.4636
282      4.6219      7.7179      1.4100      4.5600     -0.7385      4.3471      4.3392      4.4582
283      4.6546      7.7054      1.0122      4.5512     -0.5155      4.3451      4.5139      4.4476
284      4.4656      7.7201      1.4206      4.5563     -1.0449      4.3549      4.1027      4.4581
285      4.4387      7.6953      1.4160      4.5467     -0.9041      4.3372      4.1085      4.4424
286      4.5143      7.6705      1.4904      4.5329     -0.8696      4.3195      4.1715      4.4307
287      4.5576      7.6452      1.3867      4.5153     -0.8079      4.3108      4.2657      4.4134
288      4.6042      7.6573      1.8587      4.5181     -1.3190      4.3167      4.0004      4.4257
289      4.6502      7.6318      1.7944      4.5021     -1.2840      4.3074      4.0934      4.4070
290      4.6516      7.6053      1.8275      4.4848     -1.2914      4.2921      4.0780      4.3937
291      4.4111      7.5895      1.8169      4.4820     -0.9684      4.2795      3.9012      4.3816
292      4.2542      7.5760      1.5413      4.4699     -0.6664      4.2688      3.9088      4.3810
293      4.2618      7.5509      1.6130      4.4585     -0.5632      4.2537      3.9043      4.3640
294      4.2880      7.5291      1.6376      4.4492     -0.3670      4.2378      3.9459      4.3512
295      4.5005      7.5208      1.7227      4.4508      0.0591      4.2296      4.1573      4.3433
296      4.6213      7.5397      1.9979      4.4651      0.8436      4.2372      4.0809      4.3538
297      4.6031      7.5146      1.8807      4.4468      0.8527      4.2293      4.1139      4.3368
298      4.5918      7.4903      1.8238      4.4284      0.8801      4.2137      4.1212      4.3287
299      4.7805      7.4921      2.4747      4.4257      0.7995      4.2202      4.0112      4.3283
300      5.0478      7.4872      2.8659      4.4192      0.4832      4.2144      4.1271      4.3322
301      5.1960      7.4705      2.6661      4.4086      0.4066      4.2074      4.4413      4.3210
302      5.2313      7.4469      2.7332      4.3908      0.3144      4.1909      4.4495      4.3142
303      5.3438      7.4417      3.0075      4.3919      0.7857      4.1863      4.3467      4.3087
304      5.4088      7.4680      2.9272      4.4085      1.6085      4.1976      4.2543      4.3262
305      5.4977      7.4442      2.9716      4.3979      1.6276      4.1825      4.3296      4.3106
306      5.3748      7.4300      2.6950      4.3878      1.8651      4.1764      4.2599      4.3023
307      5.6140      7.4260      2.9402      4.3885      2.3465      4.1724      4.1673      4.2986
308      5.3891      7.4064      2.7244      4.3742      2.2567      4.1596      4.0654      4.2918
309      5.2593      7.3862      2.7496      4.3688      2.0625      4.1453      3.9806      4.2763
310      5.0518      7.3774      2.3931      4.3596      2.2836      4.1404      3.8182      4.2751
311      5.1188      7.3560      2.5483      4.3461      2.2050      4.1330      3.8531      4.2591
312      5.0441      7.3329      2.4585      4.3285      2.1466      4.1178      3.8459      4.2519
313      5.1332      7.3104      2.4566      4.3116      2.1938      4.1099      3.9372      4.2380
314      5.1275      7.2867      2.4589      4.2963      2.1758      4.0942      3.9384      4.2280
315      4.9494      7.2989      2.8227      4.3029      2.3868      4.1029      3.2912      4.2338
316      4.8900      7.2992      3.0814      4.3033      1.9182      4.1016      3.2768      4.2351
317      4.8014      7.2765      3.0092      4.2934      1.8161      4.0886      3.2711      4.2188
318      4.8402      7.2539      3.0573      4.2764      1.8311      4.0730      3.2752      4.2121
319      4.8255      7.2337      2.9484      4.2671      1.9508      4.0629      3.2844      4.1967
320      4.7610      7.2113      2.8588      4.2503      1.9415      4.0524      3.2749      4.1852
321      4.7672      7.1895      2.8470      4.2429      1.9801      4.0383      3.2711      4.1688
322      4.7552      7.1678      2.9116      4.2316      1.9451      4.0254      3.2174      4.1552
323      4.9444      7.1582      3.3267      4.2233      1.8348      4.0240      3.1645      4.1487
324      5.6386      7.1869      4.2207      4.2367      1.8786      4.0394      3.2328      4.1695
325      5.5905      7.1676      4.1850      4.2305      1.7042      4.0259      3.2917      4.1556
326      5.5510      7.1460      4.1173      4.2146      1.7283      4.0134      3.2976      4.1467
327      5.9703      7.1536      4.7412      4.2170      1.5503      4.0227      3.2806      4.1484
328      6.0091      7.1342      4.8219      4.2019      1.3963      4.0095      3.3030      4.1429
329      6.0211      7.1130      4.8840      4.1894      1.3879      3.9999      3.2364      4.1285
330      6.0188      7.0920      4.8807      4.1758      1.3906      3.9863      3.2358      4.1193
331      6.3207      7.0796      5.2630      4.1657      1.4900      3.9840      3.1674      4.1103
332      7.3322      7.1408      6.3825      4.1985      1.5396      4.0220      3.2641      4.1458
333      7.1756      7.1248      6.2785      4.1940      1.2774      4.0110      3.2306      4.1334
334      7.1984      7.1057      6.2596      4.1820      1.4099      3.9981      3.2628      4.1251
335      7.4740      7.0904      6.4645      4.1723      1.6187      3.9917      3.3840      4.1148
336      8.6348      7.2946      7.5865      4.2940      3.0372      4.1049      2.7893      4.2336
337      8.7089      7.2732      7.6215      4.2815      3.0552      4.0955      2.9022      4.2184
338      8.8278      7.2528      7.7126      4.2707      3.0936      4.0826      2.9789      4.2067
339      8.7298      7.2326      7.5691      4.2557      3.0830      4.0770      3.0680      4.1924
340      8.3070      7.2837      7.5122      4.2874      2.1526      4.1031      2.8176      4.2231
341      8.3999      7.2631      7.5764      4.2781      2.2161      4.0900      2.8714      4.2099
342      8.4492      7.2428      7.5840      4.2661      2.3516      4.0762      2.8881      4.2004
343      8.3842      7.2257      7.4578      4.2600      2.2499      4.0647      3.1006      4.1882
344      8.7536      7.2189      7.8595      4.2526      2.4894      4.0611      2.9422      4.1875
345      8.5911      7.2017      7.6656      4.2413      2.5926      4.0556      2.8852      4.1747
346      8.5771      7.1808      7.6455      4.2256      2.6176      4.0425      2.8742      4.1673
347      8.8066      7.1651      7.8984      4.2159      2.7560      4.0366      2.7525      4.1559
348      8.6135      7.1494      7.6623      4.2049      2.8387      4.0294      2.7245      4.1469
349      8.6563      7.1315      7.6834      4.1995      2.9914      4.0167      2.6359      4.1338
350      8.6424      7.1111      7.6694      4.1841      2.9875      4.0038      2.6354      4.1268
351      8.6332      7.0908      7.6569      4.1764      2.9593      3.9910      2.6733      4.1122
352      8.4975      7.0783      7.4137      4.1678      3.1453      3.9845      2.7112      4.1056
353      8.5535      7.0588      7.4804      4.1542      3.0883      3.9769      2.7693      4.0931
354      8.5160      7.0399      7.5142      4.1459      2.9770      3.9640      2.6827      4.0815
355      8.3101      7.0236      7.3450      4.1378      2.7911      3.9551      2.7052      4.0703
356      8.3899      7.0056      7.3732      4.1265      2.8927      3.9433      2.7674      4.0621
357      8.3788      6.9879      7.2919      4.1196      2.9287      3.9317      2.9079      4.0499
358      8.3751      6.9678      7.2991      4.1057      2.8770      3.9186      2.9306      4.0421
359      8.4143      6.9492      7.3677      4.0955      2.8231      3.9102      2.9237      4.0284
360      8.0221      6.9469      6.9110      4.0924      2.9332      3.9104      2.8263      4.0275
361      8.0725      6.9288      7.0137      4.0820      2.8820      3.9022      2.7690      4.0149
362      8.2666      6.9146      7.2634      4.0704      2.8065      3.8920      2.7756      4.0120
363      8.4896      6.9003      7.4281      4.0644      3.0175      3.8835      2.7914      4.0017
364      9.1883      6.9309      7.9057      4.0804      3.7017      3.8983      2.8676      4.0238
365      9.1819      6.9126      7.8951      4.0733      3.7386      3.8855      2.8280      4.0120
366      9.1387      6.8939      7.8446      4.0591      3.7379      3.8743      2.8297      4.0049
367      8.6447      6.8917      7.4094      4.0551      3.5766      3.8773      2.6533      4.0024
368      8.1873      6.8917      7.0295      4.0547      3.2042      3.8769      2.7113      4.0030
369      8.1604      6.8723      6.9978      4.0406      3.2039      3.8714      2.7127      3.9894
370      7.9984      6.8566      6.9252      4.0283      3.0428      3.8627      2.5995      3.9832
371      7.6320      6.8507      6.5580      4.0247      2.8055      3.8611      2.7145      3.9782
372      7.8311      6.8461      6.9236      4.0218      2.6050      3.8588      2.5699      3.9756
373      7.9304      6.8453      6.7969      4.0254      2.9842      3.8562      2.7906      3.9730
374      7.8183      6.8278      6.7030      4.0125      2.8891      3.8444      2.8015      3.9673
375      7.9392      6.9107      7.2681      4.0621      1.9952      3.8910      2.4949      4.0146
376      7.8472      6.8942      7.2060      4.0495      1.8432      3.8795      2.5008      4.0100
377      7.9094      6.8762      7.2707      4.0370      1.8322      3.8730      2.5174      3.9981
378      7.9971      6.8587      7.3803      4.0245      1.8248      3.8614      2.4809      3.9919
379      7.9943      6.8819      7.5335      4.0428      1.1565      3.8726      2.4121      4.0024
380      8.0422      6.8653      7.5920      4.0330      1.0314      3.8627      2.4445      3.9934
381      8.0434      6.8477      7.6018      4.0268      1.0108      3.8515      2.4263      3.9801
382      8.0119      6.8306      7.5408      4.0159      0.9726      3.8434      2.5262      3.9696
383      8.0587      6.8115      7.5861      4.0083      1.0555      3.8316      2.5056      3.9559
384      8.0901      6.8105      7.6477      4.0101      0.6140      3.8293      2.5662      3.9546
385      8.0886      6.7923      7.6380      3.9998      0.6214      3.8193      2.5884      3.9434
386      8.0869      6.7752      7.6350      3.9914      0.5809      3.8075      2.6014      3.9338
387      7.9038      6.8056      7.2489      4.0123      1.1503      3.8244      2.9327      3.9485
388      7.8789      6.7916      7.1936      4.0054      1.3265      3.8146      2.9272      3.9409
389      7.7349      6.7750      7.0681      3.9947      1.2686      3.8083      2.8741      3.9293
390      7.8478      6.7585      7.1596      3.9837      1.2576      3.8000      2.9574      3.9201
391      8.0008      6.7784      7.1363      4.0004      1.9237      3.8090      3.0636      3.9288
392      8.2305      6.7647      7.3590      3.9907      2.0216      3.8023      3.0821      3.9215
393      8.2956      6.7494      7.3521      3.9857      2.0794      3.7920      3.2311      3.9101
394      8.0302      6.7372      7.1353      3.9759      2.0014      3.7882      3.0929      3.9029
395      7.8342      6.7267      7.0591      3.9671      1.8714      3.7856      2.8358      3.8962
396      7.7539      6.7133      7.0086      3.9609      1.6599      3.7761      2.8717      3.8885
397      7.7163      6.6962      6.9833      3.9526      1.6202      3.7665      2.8548      3.8767
398      7.7549      6.6797      7.0145      3.9427      1.6462      3.7553      2.8679      3.8694
399      7.4229      6.6749      6.6364      3.9385      1.4561      3.7560      2.9896      3.8646
400      7.3837      6.6846      6.3645      3.9462      1.8863      3.7617      3.2333      3.8681
401      7.3910      6.6697      6.3925      3.9391      1.9929      3.7522      3.1291      3.8586
402      7.3628      6.6539      6.3899      3.9344      1.9270      3.7411      3.1091      3.8470
403      7.5546      6.6457      6.6646      3.9293      1.7589      3.7388      3.0922      3.8402
404      7.5058      6.6298      6.6200      3.9191      1.7606      3.7279      3.0681      3.8338
405      7.5306      6.6138      6.6286      3.9132      1.7617      3.7172      3.1093      3.8224
406      7.5946      6.5990      6.6191      3.9021      1.7497      3.7136      3.2869      3.8117
407      7.4227      6.5848      6.4673      3.8911      1.6844      3.7065      3.2301      3.8054
408      7.3646      6.5691      6.3722      3.8793      1.6894      3.7019      3.2830      3.7947
409      7.4636      6.5602      6.5011      3.8763      1.4498      3.6968      3.3675      3.7874
410      7.5433      6.5446      6.5824      3.8644      1.4676      3.6895      3.3793      3.7795
411      7.7025      6.5342      6.7647      3.8595      1.2982      3.6851      3.4470      3.7711
412      7.5413      6.5209      6.5714      3.8495      1.3296      3.6817      3.4526      3.7614
413      7.3754      6.5072      6.4334      3.8388      1.2555      3.6755      3.3812      3.7546
414      7.5952      6.4961      6.6162      3.8329      1.4384      3.6704      3.4417      3.7465
415      7.5077      6.4814      6.5237      3.8256      1.3421      3.6628      3.4649      3.7359
416      7.3836      6.4692      6.4102      3.8166      1.4693      3.6549      3.3568      3.7317
417      7.4716      6.4581      6.3996      3.8143      1.6533      3.6466      3.4837      3.7230
418      7.5882      6.4542      6.4432      3.8161      2.0211      3.6424      3.4615      3.7185
419      7.6453      6.4419      6.5180      3.8105      1.8806      3.6334      3.5254      3.7117
420      7.6487      6.4269      6.5269      3.8045      1.8600      3.6241      3.5275      3.7008
421      7.6434      6.4111      6.5271      3.7951      1.8608      3.6173      3.5152      3.6899
422      7.6523      6.3980      6.5544      3.7854      1.7170      3.6081      3.5567      3.6859
423      7.6837      6.3845      6.5722      3.7815      1.8439      3.5985      3.5279      3.6759
424      7.6230      6.3692      6.5126      3.7705      1.8326      3.5933      3.5127      3.6658
425      7.2369      6.3665      6.1124      3.7666      1.8104      3.5943      3.4254      3.6642
426      7.3255      6.3517      6.2011      3.7560      1.8317      3.5890      3.4430      3.6545
427      7.2316      6.3390      6.0504      3.7463      1.8644      3.5855      3.4945      3.6459
428      7.1589      6.3258      5.9517      3.7382      1.9302      3.5782      3.4786      3.6385
429      7.4820      6.3308      6.2511      3.7430      2.3458      3.5803      3.3766      3.6402
430      7.4933      6.3164      6.2453      3.7383      2.3427      3.5703      3.4144      3.6297
431      7.4192      6.3021      6.1730      3.7282      2.2888      3.5615      3.4204      3.6239
432      7.6147      6.2919      6.4272      3.7198      2.2949      3.5592      3.3777      3.6171
433      7.6079      6.2802      6.4012      3.7143      2.1577      3.5518      3.4998      3.6096
434      7.5427      6.2679      6.4151      3.7066      2.0631      3.5456      3.3885      3.6022
435      7.3853      6.2557      6.2539      3.6988      1.9622      3.5407      3.4033      3.5939
436      7.4259      6.2412      6.2978      3.6891      1.9861      3.5345      3.3967      3.5847
437      7.4440      6.2288      6.3523      3.6816      1.8419      3.5264      3.4159      3.5788
438      7.4224      6.2146      6.3502      3.6714      1.8417      3.5222      3.3728      3.5687
439      7.3720      6.2014      6.2550      3.6626      1.8841      3.5178      3.4166      3.5592
440      7.4579      6.1887      6.3696      3.6534      1.8428      3.5115      3.4136      3.5527
441      7.3873      6.1829      6.4437      3.6536      1.8475      3.5066      3.1043      3.5474
442      7.4591      6.1695      6.5278      3.6441      1.8046      3.5011      3.1256      3.5391
443      7.3512      6.1576      6.3917      3.6359      1.8623      3.4957      3.1173      3.5321
444      7.3455      6.1449      6.3460      3.6310      1.9386      3.4880      3.1507      3.5227
445      7.2850      6.1327      6.3488      3.6221      1.9279      3.4847      3.0078      3.5139
446      7.0440      6.1236      6.1197      3.6146      1.8845      3.4805      2.9354      3.5099
447      7.0973      6.1109      6.1889      3.6069      1.8096      3.4743      2.9656      3.5018
448      7.0924      6.0989      6.1181      3.5980      1.8080      3.4712      3.0987      3.4931
449      7.2326      6.0867      6.2711      3.5889      1.8361      3.4658      3.1005      3.4867
450      7.2184      6.0740      6.2577      3.5847      1.8811      3.4568      3.0673      3.4775
451      7.3680      6.0621      6.3738      3.5770      1.9129      3.4520      3.1628      3.4697
452      7.3263      6.0487      6.3258      3.5673      1.8857      3.4427      3.1785      3.4653
453      7.3032      6.0359      6.2927      3.5627      1.8192      3.4337      3.2294      3.4567
454      7.2740      6.0238      6.3058      3.5568      1.8440      3.4275      3.1222      3.4479
455      6.9999      6.0240      5.9808      3.5552      2.0358      3.4290      3.0139      3.4484
456      6.8848      6.0217      6.0407      3.5551      1.9118      3.4282      2.6934      3.4452
457      6.8895      6.0086      6.0137      3.5491      1.9243      3.4199      2.7566      3.4369
458      6.7655      6.0006      5.7937      3.5438      1.9668      3.4156      2.8873      3.4325
459      6.6767      6.0260      5.9365      3.5613      1.3609      3.4288      2.7357      3.4458
460      6.8674      6.0183      6.0324      3.5593      1.5076      3.4235      2.9152      3.4397
461      6.9316      6.0054      6.0881      3.5499      1.5561      3.4162      2.9258      3.4340
462      7.1080      6.0015      6.3809      3.5462      1.4950      3.4172      2.7520      3.4301
463      7.0005      5.9909      6.2283      3.5389      1.5505      3.4140      2.7948      3.4222
464      6.9449      5.9784      6.1934      3.5294      1.4812      3.4061      2.7712      3.4180
465      6.8306      5.9728      6.2066      3.5266      1.3136      3.4029      2.5320      3.4142
466      6.7409      5.9634      6.1133      3.5235      1.1355      3.3962      2.6033      3.4077
467      6.7560      5.9519      6.1452      3.5149      1.2377      3.3902      2.5197      3.4024
468      6.6283      5.9411      6.0138      3.5076      1.2878      3.3869      2.4721      3.3945
469      6.7322      5.9297      6.1356      3.4992      1.2613      3.3837      2.4671      3.3864
470      6.7659      5.9179      6.1683      3.4939      1.2222      3.3754      2.4971      3.3794
471      6.6806      5.9061      6.0732      3.4853      1.2396      3.3713      2.4919      3.3719
472      6.5301      5.8955      5.9552      3.4771      1.2039      3.3686      2.3934      3.3645
473      6.5350      5.8828      5.9603      3.4683      1.2068      3.3610      2.3925      3.3588
474      6.5056      5.8703      5.9135      3.4597      1.1955      3.3565      2.4339      3.3504
475      6.6051      5.8625      5.9172      3.4577      1.3086      3.3508      2.6271      3.3444
476      6.6055      5.8502      5.9011      3.4517      1.3426      3.3422      2.6470      3.3377
477      6.6344      5.8395      5.9219      3.4474      1.4646      3.3345      2.6079      3.3311
478      6.6372      5.8280      5.8851      3.4395      1.4445      3.3305      2.7078      3.3231
479      6.6314      5.8166      5.8940      3.4315      1.3511      3.3223      2.7223      3.3196
480      6.5609      5.8058      5.8231      3.4266      1.2376      3.3150      2.7576      3.3130
481      6.6499      5.8057      5.8000      3.4298      1.5853      3.3133      2.8404      3.3114
482      6.6943      5.7951      5.8751      3.4223      1.6643      3.3075      2.7435      3.3063
483      6.9519      5.7926      6.0976      3.4220      1.9327      3.3060      2.7227      3.3037
484      7.1914      5.7942      6.4632      3.4211      1.8645      3.3102      2.5429      3.3033
485      7.1935      5.7821      6.4653      3.4125      1.8655      3.3029      2.5429      3.2982
486      7.2498      5.7721      6.5233      3.4085      1.7785      3.2969      2.6159      3.2907
487      7.3905      5.7620      6.6820      3.4007      1.7890      3.2901      2.6018      3.2881
488      7.5495      5.7578      6.8842      3.3990      1.6020      3.2885      2.6526      3.2840
489      7.4150      5.7473      6.7508      3.3913      1.5732      3.2818      2.6332      3.2804
490      7.6311      5.7519      6.9919      3.3952      1.2741      3.2849      2.7791      3.2813
491      7.7392      5.7412      7.0969      3.3881      1.3446      3.2791      2.7788      3.2757
492      7.5480      5.7367      6.9765      3.3846      1.3695      3.2790      2.5346      3.2716
493      7.7796      5.7319      7.1630      3.3825      1.5826      3.2753      2.5903      3.2689
494      7.7153      5.7205      7.0992      3.3739      1.5909      3.2713      2.5683      3.2617
495      7.5413      5.7119      6.9609      3.3673      1.5176      3.2669      2.4727      3.2580
496      7.4144      5.7019      6.8194      3.3599      1.4720      3.2641      2.5105      3.2510
497      7.2951      5.6919      6.7227      3.3529      1.3957      3.2569      2.4650      3.2479
498      7.2901      5.6808      6.7217      3.3484      1.3729      3.2489      2.4655      3.2411
499      7.2128      5.6832      6.7535      3.3487      1.0232      3.2494      2.3170      3.2444
500      7.2089      5.6735      6.7089      3.3418      0.9693      3.2463      2.4532      3.2378
501      7.2069      5.6621      6.7062      3.3339      0.9616      3.2395      2.4578      3.2326
502      7.2626      5.6523      6.7886      3.3288      0.8864      3.2349      2.4238      3.2254
503      7.2274      5.6416      6.7734      3.3226      0.8006      3.2279      2.3909      3.2199
504      7.3193      5.6317      6.8364      3.3187      0.8695      3.2213      2.4660      3.2133
505      7.3382      5.6205      6.8554      3.3111      0.8814      3.2152      2.4650      3.2076
506      7.4848      5.6122      7.0328      3.3048      0.8484      3.2135      2.4169      3.2014
507      7.4918      5.6012      7.0362      3.2967      0.8871      3.2057      2.4151      3.1982
508      7.2649      5.6031      6.9145      3.2968      0.7870      3.2086      2.0855      3.1985
509      6.6862      5.6443      6.4062      3.3195      1.0317      3.2335      1.6129      3.2224
510      6.9826      5.7330      6.4494      3.3739      0.6767      3.2833      2.5890      3.2718
511      6.9874      5.7216      6.4566      3.3672      0.6646      3.2758      2.5875      3.2663
512      6.8963      5.7165      6.3716      3.3669      0.4139      3.2715      2.6057      3.2618
513      6.8469      5.7055      6.3266      3.3587      0.3979      3.2660      2.5878      3.2565
514      6.5763      5.7051      5.9845      3.3573      0.2899      3.2678      2.7110      3.2554
515      6.5904      5.7027      5.9755      3.3579      0.5937      3.2648      2.7154      3.2538
516      6.7876      5.6972      6.1196      3.3561      0.7604      3.2613      2.8363      3.2494
517      6.8475      5.6866      6.1981      3.3482      0.7318      3.2542      2.8172      3.2462
518      6.8965      5.6790      6.2883      3.3446      0.5836      3.2496      2.7709      3.2410
519      6.8924      5.6684      6.2800      3.3367      0.5127      3.2425      2.7935      3.2377
520      6.8394      5.6586      6.2027      3.3307      0.4271      3.2377      2.8498      3.2316
521      6.8170      5.6489      6.1868      3.3262      0.3261      3.2306      2.8442      3.2265
522      6.5845      5.6433      5.9409      3.3213      0.3473      3.2304      2.8179      3.2219
523      6.5856      5.6328      5.9423      3.3163      0.3678      3.2228      2.8150      3.2162
524      6.6151      5.6230      5.9343      3.3104      0.3108      3.2178      2.9063      3.2101
525      6.6121      5.6122      5.9323      3.3026      0.2991      3.2103      2.9048      3.2069
526      6.5773      5.6027      5.9503      3.2976      0.3017      3.2055      2.7863      3.2001
527      6.6480      5.5934      5.9763      3.2906      0.3764      3.2019      2.8876      3.1947
528      6.5459      5.5857      5.8844      3.2877      0.4936      3.1969      2.8247      3.1893
529      6.3193      5.5989      5.5902      3.2943      0.9029      3.2035      2.8048      3.1989
530      6.3296      5.5886      5.5894      3.2912      0.9234      3.1962      2.8231      3.1915
531      6.3175      5.5780      5.5815      3.2833      0.9004      3.1889      2.8190      3.1883
532      6.1824      5.5785      5.3414      3.2828      0.7049      3.1909      3.0322      3.1878
533      6.3806      5.5751      5.5871      3.2795      0.5665      3.1889      3.0290      3.1870
534      6.3114      5.5678      5.4355      3.2740      0.5797      3.1872      3.1547      3.1815
535      6.2559      5.5577      5.3829      3.2668      0.5769      3.1824      3.1350      3.1762
536      6.4556      5.5526      5.6362      3.2622      0.6002      3.1821      3.0899      3.1724
537      6.4526      5.5421      5.6280      3.2544      0.5917      3.1773      3.1001      3.1668
538      6.4639      5.5318      5.6435      3.2488      0.5742      3.1714      3.0989      3.1604
539      6.4222      5.5218      5.6102      3.2429      0.5783      3.1647      3.0718      3.1557
540      6.3879      5.5126      5.5322      3.2367      0.5258      3.1613      3.1504      3.1493
541      6.3919      5.5024      5.5247      3.2293      0.4989      3.1562      3.1757      3.1444
542      5.9463      5.5335      4.9189      3.2469      0.7910      3.1756      3.2461      3.1612
543      5.8153      5.5266      4.7259      3.2416      0.7343      3.1704      3.3082      3.1597
544      5.7757      5.5178      4.7333      3.2383      0.6471      3.1643      3.2459      3.1539
545      5.6540      5.5131      4.7035      3.2344      0.4491      3.1618      3.1054      3.1521
546      5.6318      5.5031      4.6503      3.2274      0.4437      3.1579      3.1457      3.1457
547      5.7395      5.4975      4.7553      3.2249      0.6514      3.1539      3.1471      3.1426
548      5.7116      5.4881      4.6966      3.2185      0.5984      3.1498      3.1947      3.1367
549      5.6641      5.4955      4.6068      3.2217      1.0110      3.1527      3.1365      3.1435
550      5.6975      5.4915      4.5118      3.2207      1.1975      3.1502      3.2667      3.1400
551      5.3659      5.4925      4.2597      3.2199      1.0216      3.1524      3.0991      3.1405
552      5.3755      5.4829      4.2707      3.2163      0.9786      3.1460      3.1144      3.1337
553      5.2849      5.4789      4.0699      3.2141      1.1148      3.1448      3.1818      3.1301
554      5.5962      5.4832      4.4526      3.2157      1.2820      3.1490      3.1383      3.1320
555      5.6075      5.4736      4.4706      3.2110      1.2570      3.1436      3.1430      3.1252
556      5.6810      5.4670      4.5386      3.2094      1.4329      3.1389      3.1018      3.1202
557      6.1043      5.4748      4.9525      3.2128      1.6060      3.1455      3.1870      3.1237
558      5.8466      5.4746      4.6612      3.2114      1.6984      3.1478      3.0938      3.1225
559      6.0995      5.4929      4.5543      3.2236      1.8612      3.1577      3.6053      3.1320
560      6.3969      5.5067      4.7915      3.2335      2.3258      3.1649      3.5429      3.1388
561      6.6014      5.5200      4.6295      3.2437      2.5237      3.1712      3.9720      3.1453
562      6.6017      5.5104      4.6069      3.2374      2.5378      3.1675      3.9898      3.1386
563      6.5229      5.5047      4.4470      3.2333      2.4272      3.1659      4.1087      3.1343
564      6.5378      5.4949      4.4624      3.2279      2.4420      3.1607      4.1068      3.1281
565      6.9615      5.5858      4.2452      3.2839      3.4327      3.2118      4.3194      3.1784
