## This list was generated at 2016-10-26 00:24:08
## Data file: OV.rank
## Global Spin and Glide vectors of selected source subsets.
##data format
##Num   w_tol   w_x   w_y   w_z
##            (Expectation | Std)
##unit: uas/yr
############################################################################
100     13.6616     10.4048     -4.0818      6.4296    -12.8198      5.8832     -2.3727      5.6840      5.2661     10.4048     -4.8079      6.4296      1.4433      5.8832      1.5915      5.6840
101     13.7484     10.3204     -4.0291      6.3895    -12.9282      5.8305     -2.3764      5.6295      5.1890     10.3204     -4.7547      6.3895      1.4605      5.8305      1.4783      5.6295
102     13.8022     10.2348     -3.9592      6.3445    -13.0007      5.7853     -2.4094      5.5705      5.1860     10.2348     -4.7734      6.3445      1.4784      5.7853      1.3867      5.5705
103     13.7963     10.1391     -4.1471      6.2696    -12.9460      5.7423     -2.3540      5.5244      5.2264     10.1391     -4.8789      6.2696      1.3778      5.7423      1.2699      5.5244
104     13.5502     10.0525     -3.7692      6.2090    -12.8335      5.6982     -2.1687      5.4801      5.1130     10.0525     -4.7261      6.2090      1.6563      5.6982      1.0310      5.4801
105     13.4574      9.9584     -3.0408      6.1373    -12.8701      5.6523     -2.4933      5.4364      4.9394      9.9584     -4.5961      6.1373      1.1349      5.6523      1.4092      5.4364
106     13.4812      9.8795     -2.9227      6.0815    -12.9239      5.6096     -2.4850      5.3991      4.9405      9.8795     -4.5504      6.0815      1.2152      5.6096      1.4919      5.3991
107     13.6275      9.7778     -2.7159      6.0020    -13.1269      5.5374     -2.4530      5.3777      5.1110      9.7778     -4.8001      6.0020      0.9995      5.5374      1.4429      5.3777
108     12.9205      9.7064     -2.6239      5.9584    -12.5494      5.5021     -1.6024      5.3327      4.2706      9.7064     -3.8263      5.9584      1.6008      5.5021      1.0173      5.3327
109     12.8992      9.6232     -2.8148      5.9042    -12.4779      5.4569     -1.6643      5.2884      4.1991      9.6232     -3.8380      5.9042      1.4609      5.4569      0.8763      5.2884
110     12.9073      9.5407     -2.8394      5.8700    -12.4642      5.4002     -1.7833      5.2352      4.2131      9.5407     -3.9000      5.8700      1.3352      5.4002      0.8699      5.2352
111     11.6088      9.4889     -1.4968      5.8231    -11.4449      5.3607     -1.2404      5.2338      2.8711      9.4889     -2.7656      5.8231      0.1627      5.3607      0.7538      5.2338
112     11.0952      9.3977     -1.0336      5.7578    -10.9817      5.2981     -1.1990      5.2052      2.5840      9.3977     -2.3780      5.7578     -0.1761      5.2981      0.9956      5.2052
113     10.9242      9.3241     -1.1942      5.7217    -10.8031      5.2555     -1.0977      5.1557      2.7151      9.3241     -2.4097      5.7217     -0.2869      5.2555      1.2177      5.1557
114     10.9263      9.2491     -1.0815      5.6633    -10.8161      5.2257     -1.1076      5.1152      2.7331      9.2491     -2.3940      5.6633     -0.2371      5.2257      1.2970      5.1152
115     10.8878      9.1931     -1.3552      5.6481    -10.7901      5.1832     -0.5304      5.0741      2.8065      9.1931     -2.4974      5.6481      0.3603      5.1832      1.2288      5.0741
116     11.2633      9.1517     -2.2481      5.6051    -11.0247      5.1673     -0.5146      5.0631      3.3210      9.1517     -2.6712      5.6051      0.9075      5.1673      1.7522      5.0631
117     11.2016      9.0750     -2.3475      5.5625    -10.9383      5.1295     -0.5654      5.0101      3.2064      9.0750     -2.6257      5.5625      0.8654      5.1295      1.6241      5.0101
118     11.0976      9.0056     -2.2360      5.5087    -10.8546      5.0858     -0.5800      4.9888      3.2925      9.0056     -2.7091      5.5087      0.9432      5.0858      1.6161      4.9888
119     10.5769      8.9480     -2.0903      5.4737    -10.3606      5.0464     -0.4003      4.9637      3.6021      8.9480     -3.1530      5.4737      1.1005      5.0464      1.3500      4.9637
120     10.6320      8.8764     -2.1728      5.4171    -10.4040      5.0240     -0.2743      4.9199      3.4893      8.8764     -3.0056      5.4171      1.0921      5.0240      1.3961      4.9199
121     10.6770      8.8170     -2.5598      5.3712    -10.3638      5.0030     -0.1953      4.8847      3.5863      8.8170     -3.0210      5.3712      0.9356      5.0030      1.6911      4.8847
122     10.2238      8.7508     -2.6750      5.3486     -9.8637      4.9565     -0.2767      4.8376      3.3474      8.7508     -3.0211      5.3486      0.8259      4.9565      1.1816      4.8376
123      9.9730      8.6883     -2.5389      5.3244     -9.6442      4.9127     -0.0527      4.7961      3.2871      8.6883     -2.9545      5.3244      1.0701      4.9127      0.9645      4.7961
124      9.6403      8.6480     -1.9032      5.2927     -9.4459      4.9001      0.2975      4.7711      2.9441      8.6480     -2.5377      5.2927      1.4276      4.9001      0.4359      4.7711
125      9.3837      8.5899     -2.0284      5.2671     -9.1517      4.8614      0.4309      4.7339      3.0592      8.5899     -2.6890      5.2671      1.2610      4.8614      0.7334      4.7339
126      8.9513      8.5668     -2.9257      5.2361     -8.4506      4.8387      0.3931      4.7498      2.8136      8.5668     -1.7628      5.2361      2.1232      4.8387      0.5485      4.7498
127      8.8902      8.4909     -2.8637      5.1795     -8.4105      4.8064      0.3128      4.7083      2.7247      8.4909     -1.6735      5.1795      2.0742      4.8064      0.5665      4.7083
128      7.9535      8.4458     -1.7393      5.1367     -7.7606      4.7767     -0.0758      4.7041      1.7569      8.4458     -0.9712      5.1367      1.2233      4.7767      0.8044      4.7041
129      8.1384      8.3832     -1.7378      5.0928     -7.9454      4.7468     -0.2896      4.6701      1.9474      8.3832     -1.2492      5.0928      1.2957      4.7468      0.7437      4.6701
130      8.1288      8.3239     -1.7534      5.0660     -7.9339      4.7124     -0.2347      4.6277      1.9054      8.3239     -1.2220      5.0660      1.2508      4.7124      0.7568      4.6277
131      7.9609      8.2655     -1.5481      5.0231     -7.8043      4.6823     -0.2697      4.6003      1.9774      8.2655     -1.3157      5.0231      1.3390      4.6823      0.6215      4.6003
132      8.0504      8.2060     -1.7255      4.9770     -7.8568      4.6623     -0.3189      4.5642      1.8526      8.2060     -1.2342      4.9770      1.2982      4.6623      0.4726      4.5642
133      7.2236      8.2904     -2.4465      5.0326     -6.7847      4.7118      0.4047      4.6047      2.6115      8.2904     -1.9986      5.0326      1.5318      4.7118     -0.6923      4.6047
134      6.8101      8.2390     -2.3829      5.0085     -6.3355      4.6760      0.7494      4.5751      2.1048      8.2390     -1.6280      5.0085      1.2704      4.6760     -0.4074      4.5751
135      5.6601      8.2267     -2.0508      4.9978     -5.2406      4.6597      0.6061      4.5812      1.4053      8.2267     -0.6368      4.9978      1.2460      4.6597      0.1301      4.5812
136      5.5704      8.1902     -1.7064      4.9776     -5.2291      4.6336      0.8794      4.5642      1.8079      8.1902     -0.6765      4.9776      1.6599      4.6336      0.2359      4.5642
137      5.3067      8.1181     -1.2707      4.9200     -5.0822      4.5843      0.8470      4.5476      1.4437      8.1181     -0.5736      4.9200      1.2958      4.5843      0.2758      4.5476
138      4.9702      8.1997     -0.3325      4.9757     -4.5587      4.6266      1.9519      4.5904      1.5697      8.1997     -1.1613      4.9757      0.0052      4.6266      1.0561      4.5904
139      5.6787      8.1857      0.3036      4.9550     -5.2779      4.6151      2.0732      4.5994      2.6205      8.1857     -2.0899      4.9550     -0.5714      4.6151      1.4741      4.5994
140      5.7698      8.1269      0.5744      4.9129     -5.3521      4.5922      2.0776      4.5631      2.5367      8.1269     -2.1031      4.9129     -0.6932      4.5922      1.2374      4.5631
141      5.6519      8.0765      0.5425      4.8742     -5.1969      4.5623      2.1545      4.5451      2.7255      8.0765     -2.3086      4.8742     -0.7448      4.5623      1.2426      4.5451
142      5.4582      8.0158      0.3533      4.8281     -5.0556      4.5381      2.0267      4.5109      2.4072      8.0158     -2.0652      4.8281     -0.6657      4.5381      1.0424      4.5109
143      4.5271      8.0226      0.0770      4.8273     -4.3299      4.5487      1.3193      4.5131      1.3137      8.0226     -0.9904      4.8273     -0.7722      4.5487      0.3856      4.5131
144      4.5125      7.9719      0.1064      4.7916     -4.2957      4.5258      1.3778      4.4843      1.3546      7.9719     -1.0595      4.7916     -0.7430      4.5258      0.4004      4.4843
145      4.6538      7.9225     -0.1065      4.7521     -4.3455      4.5139      1.6622      4.4506      1.1746      7.9225     -0.7612      4.7521     -0.7053      4.5139      0.5502      4.4506
146      4.4018      7.8789      0.1584      4.7296     -4.1491      4.4871      1.4614      4.4241      1.1764      7.8789     -0.7452      4.7296     -0.4640      4.4871      0.7831      4.4241
147      4.1306      7.8424      0.4173      4.7137     -3.7896      4.4654      1.5895      4.3983      1.5899      7.8424     -0.8919      4.7137     -0.5748      4.4654      1.1840      4.3983
148      4.0460      7.7958      0.5083      4.6789     -3.6820      4.4356      1.5982      4.3828      1.6601      7.7958     -1.0017      4.6789     -0.5147      4.4356      1.2196      4.3828
149      3.8256      7.8437      1.8516      4.6964     -2.6487      4.4614      2.0473      4.4231      1.5767      7.8437      0.1420      4.6964     -1.4746      4.4614      0.5399      4.4231
150      5.0708      7.9925      0.7509      4.7749     -3.9724      4.5482      3.0610      4.5160      1.7839      7.9925     -1.5440      4.7749     -0.8831      4.5482      0.1360      4.5160
151      5.4315      7.9646      0.3962      4.7499     -4.0681      4.5464      3.5770      4.4949      1.4517      7.9646     -1.0181      4.7499     -0.9674      4.5464      0.3676      4.4949
152      5.3812      7.9056      0.4943      4.7060     -4.0914      4.5249      3.4602      4.4584      1.5703      7.9056     -1.1389      4.7060     -1.0374      4.5249      0.3043      4.4584
153      5.3582      7.8577      0.4125      4.6720     -4.0957      4.5031      3.4301      4.4315      1.5746      7.8577     -1.1113      4.6720     -1.0888      4.5031      0.2430      4.4315
154      5.2179      7.8075      0.2183      4.6351     -4.0674      4.4822      3.2611      4.4027      1.3022      7.8075     -0.9065      4.6351     -0.9304      4.4822      0.0906      4.4027
155      4.8149      7.8936      1.4900      4.6831     -3.3575      4.5392      3.1129      4.4469      1.8106      7.8936     -0.9788      4.6831     -0.7209      4.5392      1.3418      4.4469
156      4.8481      7.8403      1.4848      4.6646     -3.3356      4.5018      3.1896      4.4098      1.7494      7.8403     -0.9463      4.6646     -0.6442      4.5018      1.3229      4.4098
157      4.3388      7.8579      1.3621      4.6886     -3.4444      4.5040      2.2597      4.4134      2.3462      7.8579     -0.9742      4.6886     -1.6245      4.5040      1.3844      4.4134
158      4.1067      7.8125      1.4372      4.6753     -3.1216      4.4703      2.2483      4.3810      2.1692      7.8125     -0.9193      4.6753     -1.6464      4.4703      1.0722      4.3810
159      4.4244      7.7754      1.4430      4.6619     -3.3531      4.4430      2.4998      4.3570      2.0176      7.7754     -0.7462      4.6619     -1.3833      4.4430      1.2649      4.3570
160      4.4512      7.7287      1.7855      4.6289     -3.1667      4.4266      2.5686      4.3256      1.7776      7.7287     -0.6126      4.6289     -1.3899      4.4266      0.9236      4.3256
161      4.4795      7.6852      1.8729      4.5961     -3.1763      4.4083      2.5434      4.3017      1.7673      7.6852     -0.5859      4.5961     -1.3446      4.4083      0.9861      4.3017
162      4.4767      7.6534      1.6268      4.5762     -3.0375      4.3976      2.8580      4.2771      1.9686      7.6534     -0.3355      4.5762     -1.5058      4.3976      1.2230      4.2771
163      4.3457      7.6166      2.0258      4.5509     -2.9251      4.3839      2.4951      4.2524      2.1176      7.6166     -0.6226      4.5509     -1.8024      4.3839      0.9209      4.2524
164      4.5825      7.5798      2.2722      4.5241     -3.0625      4.3679      2.5411      4.2317      1.8783      7.5798     -0.4575      4.5241     -1.6866      4.3679      0.6887      4.2317
165      4.2128      7.5463      2.2245      4.5049     -2.8325      4.3524      2.1855      4.2081      1.9546      7.5463     -0.0938      4.5049     -1.8934      4.3524      0.4762      4.2081
166      4.1023      7.5120      2.1794      4.4901     -2.5196      4.3294      2.3939      4.1864      1.7955      7.5120     -0.3003      4.4901     -1.7555      4.3294      0.2277      4.1864
167      4.7167      7.5071      2.3608      4.4955     -2.8694      4.3243      2.9052      4.1769      2.2443      7.5071     -0.0382      4.4955     -2.2354      4.3243     -0.1959      4.1769
168      4.8316      7.4669      2.2756      4.4729     -3.0119      4.3013      3.0157      4.1528      2.1707      7.4669      0.0910      4.4729     -2.1676      4.3013     -0.0740      4.1528
169      4.8907      7.4276      2.2162      4.4462     -3.0328      4.2857      3.1321      4.1272      2.2386      7.4276      0.1995      4.4462     -2.2291      4.2857     -0.0527      4.1272
170      4.9692      7.3866      1.9878      4.4235     -3.3240      4.2577      3.1133      4.1069      2.1207      7.3866      0.0514      4.4235     -2.0992      4.2577     -0.2967      4.1069
171      5.0546      7.3426      1.9093      4.4067     -3.5128      4.2272      3.0926      4.0774      2.1188      7.3426      0.0260      4.4067     -2.1155      4.2272     -0.1145      4.0774
172      4.9485      7.3060      1.9646      4.3881     -3.3039      4.2024      3.1165      4.0574      2.1233      7.3060     -0.1224      4.3881     -2.1191      4.2024      0.0551      4.0574
173      5.0348      7.2695      1.9086      4.3737     -3.3965      4.1766      3.1891      4.0339      2.2045      7.2695     -0.1007      4.3737     -2.2019      4.1766     -0.0330      4.0339
174      5.0110      7.2464      1.6913      4.3517     -3.8350      4.1681      2.7463      4.0250      2.1920      7.2464     -0.7826      4.3517     -2.0452      4.1681      0.0998      4.0250
175      4.8319      7.2324      2.1428      4.3452     -3.2885      4.1558      2.8181      4.0194      2.4586      7.2324     -0.5172      4.3452     -2.3348      4.1558      0.5708      4.0194
176      4.8026      7.2028      1.8956      4.3341     -3.1041      4.1363      3.1362      3.9984      2.1088      7.2028     -0.5770      4.3341     -2.0003      4.1363      0.3360      3.9984
177      4.7352      7.1660      1.9523      4.3059     -3.0378      4.1190      3.0630      3.9805      2.1116      7.1660     -0.6830      4.3059     -1.9730      4.1190      0.3160      3.9805
178      5.3375      7.1892      2.1275      4.3249     -4.0051      4.1270      2.8145      3.9936      2.3807      7.1892     -1.3092      4.3249     -1.9445      4.1270     -0.4155      3.9936
179      5.3895      7.1541      1.9733      4.2988     -4.1107      4.1099      2.8731      3.9763      2.3583      7.1541     -1.2081      4.2988     -2.0019      4.1099     -0.3073      3.9763
180      5.3478      7.1155      1.7727      4.2689     -4.1131      4.0984      2.9221      3.9509      2.3407      7.1155     -1.1782      4.2689     -2.0177      4.0984     -0.1399      3.9509
181      5.5330      7.0849      1.8703      4.2545     -4.1633      4.0771      3.1277      3.9334      2.0651      7.0849     -1.0418      4.2545     -1.7784      4.0771     -0.1301      3.9334
182      5.3920      7.0515      1.8670      4.2287     -4.0779      4.0635      2.9931      3.9153      2.1951      7.0515     -1.2313      4.2287     -1.8136      4.0635     -0.1156      3.9153
183      5.6023      7.0232      1.9825      4.2154     -4.1425      4.0477      3.2087      3.8951      2.1160      7.0232     -1.3704      4.2154     -1.6121      4.0477      0.0221      3.8951
184      5.5526      6.9860      2.3323      4.1892     -3.9226      4.0263      3.1631      3.8787      2.2339      6.9860     -1.2327      4.1892     -1.8481      4.0263     -0.2351      3.8787
185      5.3885      6.9538      2.2767      4.1685     -3.7853      4.0090      3.0861      3.8609      2.3100      6.9538     -1.3885      4.1685     -1.8426      4.0090     -0.1150      3.8609
186      5.3772      6.9211      2.3677      4.1488     -3.7009      3.9886      3.1002      3.8445      2.2927      6.9211     -1.4231      4.1488     -1.7871      3.9886     -0.1930      3.8445
187      5.1650      6.8909      2.1970      4.1329     -3.5386      3.9735      3.0543      3.8228      2.2807      6.8909     -1.4804      4.1329     -1.7345      3.9735      0.0397      3.8228
188      6.1079      6.9767      3.4267      4.1780     -4.2975      4.0231      2.6637      3.8774      3.6509      6.9767     -2.3840      4.1780     -2.6822      4.0231     -0.6720      3.8774
189      6.1934      6.9413      3.4057      4.1616     -4.3532      4.0020      2.7943      3.8531      3.6248      6.9413     -2.4767      4.1616     -2.5713      4.0020     -0.6272      3.8531
190      6.0589      6.9058      3.2617      4.1386     -4.2740      3.9882      2.7937      3.8284      3.6310      6.9058     -2.4498      4.1386     -2.5636      3.9882     -0.7813      3.8284
191      5.7576      6.8861      3.4270      4.1355     -3.8392      3.9721      2.5819      3.8130      3.3803      6.8861     -2.4190      4.1355     -2.3334      3.9721     -0.3605      3.8130
192      5.5621      6.8469      3.1485      4.1045     -3.7806      3.9436      2.5945      3.8054      3.1311      6.8469     -2.3285      4.1045     -2.0667      3.9436     -0.3322      3.8054
193      5.6955      6.8498      3.9344      4.1039     -3.4529      3.9408      2.2443      3.8142      3.6235      6.8498     -2.1838      4.1039     -2.8173      3.9408     -0.6510      3.8142
194      5.6382      6.8280      3.8573      4.0865     -3.2626      3.9331      2.5034      3.8017      3.8505      6.8280     -2.5234      4.0865     -2.8141      3.9331     -0.7344      3.8017
195      5.3101      6.8783      3.4436      4.1199     -2.3872      3.9571      3.2619      3.8312      2.8817      6.8783     -1.6798      4.1199     -1.9453      3.9571     -1.3030      3.8312
196      5.3726      6.8468      3.4296      4.1100     -2.3406      3.9342      3.4094      3.8090      2.8139      6.8468     -1.7010      4.1100     -1.7951      3.9342     -1.3425      3.8090
197      5.3713      6.8214      3.4738      4.0914     -2.6157      3.9217      3.1530      3.7963      3.0687      6.8214     -2.0693      4.0914     -1.7364      3.9217     -1.4560      3.7963
198      5.4568      6.7910      3.7076      4.0691     -2.5264      3.9109      3.1059      3.7768      2.9290      6.7910     -2.0568      4.0691     -1.6673      3.9109     -1.2526      3.7768
199      6.2561      7.1444      4.2631      4.2779     -1.1011      4.1172      4.4444      3.9737      4.6029      7.1444     -4.0658      4.2779     -2.1416      4.1172     -0.2643      3.9737
200      5.9428      7.1146      4.1807      4.2584     -1.2376      4.1050      4.0382      3.9538      4.1237      7.1146     -3.6391      4.2584     -1.8942      4.1050     -0.4165      3.9538
201      6.0229      7.0848      4.2278      4.2375     -1.3643      4.0863      4.0669      3.9421      3.9884      7.0848     -3.4984      4.2375     -1.8530      4.0863     -0.4846      3.9421
202      5.9887      7.0508      4.1066      4.2159     -1.6916      4.0602      4.0173      3.9312      4.2107      7.0508     -3.7760      4.2159     -1.7515      4.0602     -0.6355      3.9312
203      5.8703      7.0215      4.0408      4.1988     -1.5276      4.0426      3.9748      3.9153      4.3303      7.0215     -3.9207      4.1988     -1.7712      4.0426     -0.4929      3.9153
204      5.7149      6.9982      3.8100      4.1806     -1.4051      4.0267      4.0212      3.9094      4.5795      6.9982     -4.0881      4.1806     -1.9947      4.0267     -0.5302      3.9094
205      5.4832      6.9726      3.6877      4.1592     -1.6030      4.0190      3.7279      3.8944      4.9226      6.9726     -4.4823      4.1592     -1.9964      4.0190     -0.3937      3.8944
206      5.4029      6.9399      3.8580      4.1329     -1.2138      3.9964      3.5824      3.8872      4.6010      6.9399     -4.0582      4.1329     -2.1270      3.9964     -0.4190      3.8872
207      5.1430      6.9337      3.5423      4.1353     -1.7939      3.9871      3.2687      3.8831      4.6978      6.9337     -4.2827      4.1353     -1.7085      3.9871     -0.8994      3.8831
208      5.2939      6.9058      3.5728      4.1258     -1.9368      3.9661      3.3926      3.8649      4.5699      6.9058     -4.2240      4.1258     -1.5649      3.9661     -0.7698      3.8649
209      5.1531      6.8954      3.4811      4.1250     -1.3927      3.9559      3.5351      3.8578      4.2516      6.8954     -3.9205      4.1250     -1.6136      3.9559     -0.3196      3.8578
210      4.5162      7.0325      2.5934      4.2041      0.0710      4.0301      3.6967      3.9421      2.8551      7.0325     -2.4737      4.2041     -0.7331      4.0301     -1.2227      3.9421
211      4.6634      7.0212      2.9382      4.2015      0.5076      4.0231      3.5857      3.9319      2.6237      7.0212     -2.4374      4.2015     -0.6415      4.0231     -0.7290      3.9319
212      4.6873      6.9933      2.9310      4.1915      0.6733      4.0025      3.5953      3.9138      2.7239      6.9933     -2.4975      4.1915     -0.6442      4.0025     -0.8761      3.9138
213      4.7219      6.9626      2.8385      4.1712      0.7072      3.9911      3.7067      3.8922      2.8255      6.9626     -2.5925      4.1712     -0.5868      3.9911     -0.9581      3.8922
214      4.3571      6.9362      2.5085      4.1559      0.7599      3.9737      3.4806      3.8793      2.7733      6.9362     -2.6524      4.1559     -0.2256      3.9737     -0.7778      3.8793
215      4.4050      6.9097      2.5294      4.1359      0.8648      3.9563      3.5012      3.8713      2.8799      6.9097     -2.7695      4.1359     -0.2222      3.9563     -0.7580      3.8713
216      2.5105      7.3066      1.8247      4.3691     -0.2766      4.1879      1.7019      4.0937      1.5008      7.3066     -0.4623      4.3691     -0.8617      4.1879     -1.1384      4.0937
217      2.5228      7.2766      1.8458      4.3546     -0.3919      4.1674      1.6745      4.0768      1.5321      7.2766     -0.3816      4.3546     -0.8204      4.1674     -1.2364      4.0768
218      2.4800      7.2463      1.9663      4.3438     -0.3997      4.1447      1.4575      4.0572      1.6630      7.2463     -0.3854      4.3438     -1.0634      4.1447     -1.2191      4.0572
219      2.5054      7.2183      1.9853      4.3248     -0.5008      4.1259      1.4438      4.0468      1.5971      7.2183     -0.2825      4.3248     -1.0422      4.1259     -1.1768      4.0468
220      2.3920      7.1907      1.9209      4.3129     -0.4610      4.1060      1.3487      4.0305      1.7117      7.1907     -0.3005      4.3129     -1.1622      4.1060     -1.2202      4.0305
221      2.4545      7.1612      2.0127      4.2996     -0.3341      4.0878      1.3645      4.0109      1.7945      7.1612     -0.3022      4.2996     -1.1340      4.0878     -1.3576      4.0109
222      2.9735      7.1440      2.4966      4.2828     -0.5400      4.0753      1.5222      4.0106      2.0958      7.1440     -0.6366      4.2828     -1.5947      4.0753     -1.2016      4.0106
223      3.2199      7.1257      2.7778      4.2683     -0.6732      4.0652      1.4827      4.0040      1.7945      7.1257     -0.4832      4.2683     -1.3862      4.0652     -1.0321      4.0040
224      3.6087      7.1206      3.1436      4.2691     -1.1577      4.0606      1.3418      3.9987      1.8534      7.1206     -0.6974      4.2691     -1.6467      4.0606     -0.4869      3.9987
225      5.5511      7.5323      5.1529      4.5090      1.1526      4.2918      1.7129      4.2408      3.8225      7.5323      1.7011      4.5090     -3.1264      4.2918     -1.3940      4.2408
226      5.6133      7.5019      5.2055      4.4912      1.1918      4.2739      1.7298      4.2240      3.8078      7.5019      1.6960      4.4912     -3.0897      4.2739     -1.4410      4.2240
227      5.4716      7.4708      5.0319      4.4681      1.2123      4.2642      1.7743      4.2030      3.7896      7.4708      1.7173      4.4681     -3.1229      4.2642     -1.2881      4.2030
228      5.3985      7.4335      4.9648      4.4408      1.2162      4.2470      1.7366      4.1832      3.7834      7.4335      1.7605      4.4408     -3.0713      4.2470     -1.3349      4.1832
229      5.7011      7.4492      4.9145      4.4523      1.9816      4.2524      2.1032      4.1933      4.1210      7.4492      2.3930      4.4523     -3.2512      4.2524     -0.8281      4.1933
230      5.6459      7.4342      4.6866      4.4427      1.9281      4.2471      2.4888      4.1822      4.4905      7.4342      2.6945      4.4427     -3.5157      4.2471     -0.7379      4.1822
231      5.7454      7.4044      4.7350      4.4296      1.9570      4.2276      2.5999      4.1629      4.4414      7.4044      2.7500      4.4296     -3.3993      4.2276     -0.7799      4.1629
232      5.7066      7.3764      4.7026      4.4105      1.9265      4.2090      2.5962      4.1525      4.4729      7.3764      2.7743      4.4105     -3.4243      4.2090     -0.7642      4.1525
233      5.5800      7.3494      4.7144      4.4031      1.6692      4.1891      2.4748      4.1325      4.4359      7.3494      2.7760      4.4031     -3.3064      4.1891     -1.0193      4.1325
234      5.7906      7.3168      4.9908      4.3769      1.6172      4.1660      2.4510      4.1260      4.5709      7.3168      2.6941      4.3769     -3.5619      4.1660     -0.9736      4.1260
235      5.9983      7.2939      5.1817      4.3590      1.7268      4.1520      2.4793      4.1184      4.3762      7.2939      2.5818      4.3590     -3.4190      4.1520     -0.8920      4.1184
236      5.9737      7.3091      4.6140      4.3623      2.1600      4.1646      3.1192      4.1291      4.5626      7.3091      3.4134      4.3623     -2.9644      4.1646     -0.6152      4.1291
237      5.7408      7.2868      4.2180      4.3448      2.3084      4.1535      3.1364      4.1193      4.4589      7.2868      3.5352      4.3448     -2.6969      4.1535     -0.3335      4.1193
238      5.8373      7.2597      4.2137      4.3239      2.3623      4.1449      3.2769      4.1020      4.3314      7.2597      3.3691      4.3239     -2.7024      4.1449     -0.3270      4.1020
239      5.8644      7.2323      4.2172      4.3103      2.2915      4.1274      3.3697      4.0856      4.3411      7.2323      3.4512      4.3103     -2.6183      4.1274     -0.2813      4.0856
240      5.8678      7.2133      4.4909      4.3011      2.2076      4.1138      3.0642      4.0755      4.2215      7.2133      3.5618      4.3011     -2.2382      4.1138     -0.3543      4.0755
241      5.7371      7.1839      4.3891      4.2878      2.0704      4.0963      3.0601      4.0550      4.2382      7.1839      3.5705      4.2878     -2.2250      4.0963     -0.5128      4.0550
242      5.7320      7.1561      4.3704      4.2782      2.1276      4.0775      3.0378      4.0350      4.2155      7.1561      3.5666      4.2782     -2.2013      4.0775     -0.4514      4.0350
243      6.1618      7.1446      4.7875      4.2695      2.0686      4.0740      3.2817      4.0273      4.5783      7.1446      3.7457      4.2695     -2.5123      4.0740     -0.7870      4.0273
244      6.0822      7.1186      4.6411      4.2523      2.0203      4.0622      3.3723      4.0114      4.6110      7.1186      3.6946      4.2523     -2.6083      4.0622     -0.8988      4.0114
245      5.1638      7.2173      3.5370      4.3053      0.7654      4.1149      3.6836      4.0769      3.2679      7.2173      2.4289      4.3053     -1.7836      4.1149     -1.2642      4.0769
246      4.6861      7.2064      2.9489      4.2945      0.7939      4.1105      3.5543      4.0735      2.8589      7.2064      2.3544      4.2945     -1.3569      4.1105     -0.8885      4.0735
247      4.6899      7.1833      2.9189      4.2813      0.6415      4.0952      3.6144      4.0619      3.0235      7.1833      2.4899      4.2813     -1.3986      4.0952     -0.9929      4.0619
248      4.6954      7.1574      2.9271      4.2622      0.6394      4.0782      3.6152      4.0534      3.0232      7.1574      2.4934      4.2622     -1.3909      4.0782     -0.9942      4.0534
249      4.7136      7.1567      2.5677      4.2636      0.3839      4.0754      3.9341      4.0536      3.3847      7.1567      2.5951      4.2636     -1.7959      4.0754     -1.2234      4.0536
250      4.8035      7.1281      2.7335      4.2431      0.4554      4.0643      3.9235      4.0357      3.3821      7.1281      2.6162      4.2431     -1.8542      4.0643     -1.0752      4.0357
251      4.9114      7.1035      2.8071      4.2305      0.4911      4.0469      4.0001      4.0230      3.3135      7.1035      2.5928      4.2305     -1.7501      4.0469     -1.0926      4.0230
252      4.9311      7.0801      2.7579      4.2237      0.2709      4.0298      4.0787      4.0061      3.2368      7.0801      2.6266      4.2237     -1.6761      4.0298     -0.8769      4.0061
253      5.1597      7.0746      3.2292      4.2191      0.6889      4.0280      3.9648      4.0031      3.4561      7.0746      2.8945      4.2191     -1.8434      4.0280     -0.4099      4.0031
254      5.1281      7.0494      3.3085      4.2039      0.6744      4.0166      3.8596      3.9859      3.3643      7.0494      2.8226      4.2039     -1.7700      4.0166     -0.4675      3.9859
255      4.9650      7.0296      3.1662      4.1980      0.3528      4.0028      3.8081      3.9712      3.4145      7.0296      2.8462      4.1980     -1.7052      4.0028     -0.8065      3.9712
256      5.2498      7.0131      3.3443      4.1907      0.5049      3.9937      4.0151      3.9587      3.3661      7.0131      2.7100      4.1907     -1.9088      3.9937     -0.5855      3.9587
257      5.2560      6.9886      3.3799      4.1748      0.5025      3.9801      3.9936      3.9460      3.3473      6.9886      2.7039      4.1748     -1.8785      3.9801     -0.6038      3.9460
258      5.3548      6.9674      3.4655      4.1618      0.7727      3.9634      4.0084      3.9389      3.5406      6.9674      2.9280      4.1618     -1.9377      3.9634     -0.4554      3.9389
259      5.0608      6.9497      3.3021      4.1557      0.9006      3.9515      3.7278      3.9261      3.2936      6.9497      2.8438      4.1557     -1.6405      3.9515     -0.2638      3.9261
260      5.1555      6.9287      3.3205      4.1479      1.1179      3.9359      3.7821      3.9128      3.2049      6.9287      2.7442      4.1479     -1.5933      3.9359     -0.4496      3.9128
261      5.2971      6.9031      3.3732      4.1329      1.1784      3.9241      3.9105      3.8953      3.2837      6.9031      2.8685      4.1329     -1.5073      3.9241     -0.5314      3.8953
262      5.4255      6.8798      3.4530      4.1231      1.2841      3.9087      3.9830      3.8799      3.2769      6.8798      2.8811      4.1231     -1.4206      3.9087     -0.6476      3.8799
263      5.0282      6.9138      2.4410      4.1379      1.6889      3.9250      4.0586      3.9080      3.5549      6.9138      3.3771      4.1379     -0.5133      3.9250     -0.9842      3.9080
264      5.0094      6.8858      2.4289      4.1166      1.6936      3.9169      4.0405      3.8892      3.5793      6.8858      3.3991      4.1166     -0.5120      3.9169     -0.9975      3.8892
265      5.0058      6.8626      2.3724      4.0995      1.7331      3.9027      4.0528      3.8805      3.5491      6.8626      3.3522      4.0995     -0.5590      3.9027     -1.0228      3.8805
266      4.9092      6.8374      2.3461      4.0906      1.6423      3.8844      3.9874      3.8636      3.5432      6.8374      3.3300      4.0906     -0.4892      3.8844     -1.1072      3.8636
267      4.9260      6.8162      2.4197      4.0750      1.5592      3.8701      3.9975      3.8570      3.6214      6.8162      3.4276      4.0750     -0.4141      3.8701     -1.0930      3.8570
268      4.8777      6.7884      2.4827      4.0626      1.4507      3.8509      3.9400      3.8404      3.5419      6.7884      3.3652      4.0626     -0.4916      3.8509     -0.9895      3.8404
269      5.3869      6.8103      3.4191      4.0703      1.8553      3.8623      3.7265      3.8595      4.0045      6.8103      3.7688      4.0703     -1.2067      3.8623     -0.6130      3.8595
270      5.2258      6.7903      3.1612      4.0569      1.9585      3.8534      3.6715      3.8472      3.9284      6.7903      3.7655      4.0569     -1.0534      3.8534     -0.3799      3.8472
271      5.2963      6.7664      3.2784      4.0431      1.7965      3.8416      3.7518      3.8314      3.7733      6.7664      3.6196      4.0431     -1.0490      3.8416     -0.1902      3.8314
272      5.1438      6.7579      2.9802      4.0365      2.0369      3.8391      3.6645      3.8259      3.5574      6.7579      3.3621      4.0365     -1.1526      3.8391      0.1511      3.8259
273      4.8991      6.7578      2.6209      4.0330      2.2518      3.8397      3.4729      3.8287      3.3374      6.7578      2.9809      4.0330     -1.4578      3.8397      0.3566      3.8287
274      4.9877      6.7373      2.6465      4.0270      2.3870      3.8247      3.4894      3.8139      3.3770      6.7373      2.9978      4.0270     -1.4756      3.8247      0.4900      3.8139
275      4.8626      6.7198      2.4266      4.0148      2.4855      3.8196      3.4028      3.8011      3.3022      6.7198      2.8751      4.0148     -1.4496      3.8196      0.7327      3.8011
276      4.8590      6.6981      2.4353      4.0009      2.4757      3.8056      3.3986      3.7914      3.3053      6.6981      2.8850      4.0009     -1.4407      3.8056      0.7255      3.7914
277      4.9081      6.6768      2.4949      3.9854      2.5022      3.7914      3.4065      3.7844      3.2626      6.6768      2.8630      3.9854     -1.3889      3.7914      0.7203      3.7844
278      4.8773      6.6556      2.5666      3.9745      2.4636      3.7790      3.3363      3.7709      3.2129      6.6556      2.8570      3.9745     -1.3134      3.7790      0.6598      3.7709
279      4.9410      6.6369      2.6098      3.9698      2.6710      3.7649      3.2355      3.7568      3.1977      6.6369      2.8305      3.9698     -1.4177      3.7649      0.4511      3.7568
280      5.0020      6.6170      2.7210      3.9555      2.6181      3.7578      3.2806      3.7440      3.2473      6.6170      2.9122      3.9555     -1.3972      3.7578      0.3343      3.7440
281      4.5422      6.6058      2.3997      3.9518      2.2289      3.7500      3.1472      3.7360      3.0944      6.6058      2.8583      3.9518     -1.1816      3.7500     -0.0943      3.7360
282      4.6342      6.5895      2.3295      3.9460      2.2827      3.7390      3.2921      3.7242      3.1650      6.5895      2.8755      3.9460     -1.3219      3.7390     -0.0294      3.7242
283      4.6332      6.5684      2.2718      3.9308      2.3175      3.7276      3.3067      3.7146      3.1460      6.5684      2.8354      3.9308     -1.3614      3.7276     -0.0690      3.7146
284      4.6510      6.5478      2.2836      3.9181      2.3251      3.7146      3.3183      3.7045      3.1309      6.5478      2.8253      3.9181     -1.3475      3.7146     -0.0681      3.7045
285      4.6208      6.5287      2.4196      3.9067      2.2543      3.7063      3.2273      3.6911      3.0709      6.5287      2.7838      3.9067     -1.2801      3.7063     -0.2055      3.6911
286      4.7089      6.5199      1.9563      3.8968      2.5657      3.6985      3.4299      3.6938      3.3011      6.5199      3.1921      3.8968     -0.8251      3.6985     -0.1641      3.6938
287      4.7084      6.5050      2.2706      3.8861      2.4106      3.6939      3.3470      3.6836      3.2447      6.5050      3.0764      3.8861     -0.9181      3.6939     -0.4698      3.6836
288      4.8192      6.4866      2.2615      3.8753      2.5542      3.6817      3.4039      3.6747      3.1322      6.4866      2.9471      3.8753     -0.9022      3.6817     -0.5580      3.6747
289      4.9741      6.4677      2.3637      3.8660      2.6262      3.6696      3.5010      3.6632      3.1444      6.4677      2.9757      3.8660     -0.7818      3.6696     -0.6491      3.6632
290      5.0975      6.4525      2.3566      3.8603      2.8813      3.6573      3.4826      3.6547      3.2466      6.4525      3.1281      3.8603     -0.7462      3.6573     -0.4455      3.6547
291      5.1032      6.4322      2.3557      3.8532      2.9385      3.6428      3.4436      3.6410      3.2425      6.4322      3.1054      3.8532     -0.7875      3.6428     -0.4996      3.6410
292      5.1166      6.4157      2.2293      3.8457      3.0959      3.6322      3.4096      3.6302      3.2487      6.4157      3.1575      3.8457     -0.6956      3.6322     -0.3171      3.6302
293      5.0807      6.3946      2.0321      3.8299      3.2293      3.6234      3.3549      3.6186      3.4098      6.3946      3.3170      3.8299     -0.6025      3.6234     -0.5106      3.6186
294      4.8360      6.3791      1.6674      3.8169      3.1614      3.6151      3.2577      3.6132      3.2304      6.3791      3.1992      3.8169     -0.3217      3.6151     -0.3111      3.6132
295      4.9276      6.3970      2.3635      3.8240      3.3480      3.6288      2.7360      3.6237      3.7506      6.3970      3.6670      3.8240     -0.7833      3.6288      0.0788      3.6237
296      4.9107      6.3741      2.3730      3.8135      3.2376      3.6148      2.8286      3.6083      3.6469      6.3741      3.5709      3.8135     -0.7178      3.6148      0.1823      3.6083
297      4.9135      6.3519      2.3560      3.7965      3.2382      3.6087      2.8471      3.5930      3.6279      6.3519      3.5522      3.7965     -0.7177      3.6087      0.1685      3.5930
298      5.0316      6.3355      2.3880      3.7871      3.3841      3.5979      2.8570      3.5850      3.5110      6.3355      3.4261      3.7871     -0.7161      3.5979      0.2768      3.5850
299      5.4375      6.3507      2.2870      3.8006      3.8290      3.6043      3.1105      3.5911      3.5195      6.3507      3.3015      3.8006     -0.9731      3.6043      0.7349      3.5911
300      5.4420      6.3312      2.5057      3.7893      3.8343      3.5900      2.9385      3.5829      3.5605      6.3312      3.2661      3.7893     -1.2254      3.5900      0.7127      3.5829
301      5.4628      6.3129      2.5169      3.7755      3.8684      3.5791      2.9229      3.5761      3.5209      6.3129      3.2247      3.7755     -1.2226      3.5791      0.7097      3.5761
302      5.4750      6.2943      2.5311      3.7616      3.8745      3.5680      2.9252      3.5690      3.5125      6.2943      3.2183      3.7616     -1.2117      3.5680      0.7153      3.5690
303      5.3519      6.2759      2.5616      3.7535      3.7637      3.5558      2.8135      3.5573      3.5388      6.2759      3.3062      3.7535     -1.1016      3.5558      0.6150      3.5573
304      5.4040      6.2570      2.6632      3.7401      3.7416      3.5495      2.8480      3.5444      3.5155      6.2570      3.2730      3.7401     -1.0673      3.5495      0.7122      3.5444
305      5.2574      6.2392      2.3665      3.7259      3.6895      3.5421      2.9031      3.5353      3.5210      6.2392      3.2801      3.7259     -0.8886      3.5421      0.9216      3.5353
306      5.2125      6.2201      2.3823      3.7188      3.6420      3.5297      2.8689      3.5216      3.4897      6.2201      3.2678      3.7188     -0.8602      3.5297      0.8712      3.5216
307      5.2310      6.2013      2.3825      3.7078      3.6531      3.5199      2.8883      3.5098      3.4768      6.2013      3.2481      3.7078     -0.8737      3.5199      0.8798      3.5098
308      5.0728      6.1830      2.2510      3.6959      3.5706      3.5127      2.8139      3.4972      3.4508      6.1830      3.1649      3.6959     -0.9194      3.5127      1.0227      3.4972
309      5.2230      6.1704      2.2721      3.6925      3.6315      3.5037      2.9882      3.4875      3.4571      6.1704      3.0950      3.6925     -1.0876      3.5037      1.0907      3.4875
310      5.0806      6.1562      2.1091      3.6853      3.3981      3.4959      3.1332      3.4779      3.2593      6.1562      2.9277      3.6853     -1.1509      3.4959      0.8527      3.4779
311      5.0882      6.1386      2.1404      3.6736      3.3612      3.4846      3.1639      3.4706      3.2913      6.1386      2.9778      3.6736     -1.1076      3.4846      0.8592      3.4706
312      5.1860      6.1302      2.4237      3.6660      3.3020      3.4785      3.1806      3.4698      3.3033      6.1302      3.0831      3.6660     -0.8502      3.4785      0.8266      3.4698
313      5.2411      6.1240      2.2975      3.6634      3.0231      3.4750      3.6127      3.4651      2.9105      6.1240      2.6869      3.6634     -0.5284      3.4750      0.9860      3.4651
314      5.2660      6.1067      2.1160      3.6564      2.9257      3.4628      3.8332      3.4542      2.9440      6.1067      2.7135      3.6564     -0.2743      3.4628      1.1085      3.4542
315      5.3569      6.1062      1.7564      3.6545      3.1332      3.4656      3.9743      3.4525      3.2596      6.1062      2.9061      3.6545     -0.1850      3.4656      1.4646      3.4525
316      5.3037      6.0873      1.7236      3.6448      3.0918      3.4553      3.9495      3.4397      3.2587      6.0873      2.9311      3.6448     -0.1664      3.4553      1.4143      3.4397
317      5.7671      6.1104      1.3331      3.6613      3.6286      3.4686      4.2797      3.4497      2.8169      6.1104      2.7109      3.6613      0.0418      3.4686      0.7645      3.4497
318      5.7488      6.0886      1.2899      3.6500      3.5163      3.4538      4.3613      3.4380      2.7458      6.0886      2.6112      3.6500      0.1179      3.4538      0.8411      3.4380
319      5.6915      6.0867      1.6601      3.6488      3.2821      3.4555      4.3434      3.4343      2.9207      6.0867      2.6286      3.6488      0.1501      3.4555      1.2642      3.4343
320      5.7493      6.0694      1.5753      3.6358      3.3384      3.4491      4.4078      3.4237      3.0316      6.0694      2.7130      3.6358      0.1738      3.4491      1.3416      3.4237
321      5.7506      6.0524      1.5474      3.6231      3.3466      3.4397      4.4130      3.4166      3.0129      6.0524      2.7004      3.6231      0.1525      3.4397      1.3275      3.4166
322      5.5505      6.0388      1.4894      3.6125      3.1997      3.4329      4.2840      3.4107      3.1957      6.0388      2.9169      3.6125      0.1175      3.4329      1.3002      3.4107
323      5.5117      6.0174      1.2776      3.5963      3.1276      3.4177      4.3549      3.4051      3.1556      6.0174      2.8550      3.5963      0.3136      3.4177      1.3071      3.4051
324      5.5500      6.0089      1.2405      3.5951      3.3995      3.4100      4.2079      3.3991      3.4028      6.0089      2.9939      3.5951      0.4739      3.4100      1.5462      3.3991
325      5.7151      5.9955      1.2678      3.5842      3.4192      3.4076      4.4004      3.3894      3.5745      5.9955      3.2083      3.5842      0.4630      3.4076      1.5064      3.3894
326      5.6570      5.9912      1.4488      3.5839      3.1344      3.4051      4.4810      3.3845      3.5275      5.9912      3.3079      3.5839      0.4118      3.4051      1.1536      3.3845
327      5.5968      5.9764      1.3719      3.5732      3.0526      3.3955      4.4859      3.3793      3.6046      5.9764      3.3832      3.5732      0.3595      3.3955      1.1906      3.3793
328      5.5521      5.9636      1.1626      3.5631      3.0750      3.3929      4.4742      3.3700      3.6434      5.9636      3.3498      3.5631      0.3604      3.3929      1.3868      3.3700
329      5.5469      5.9492      1.2998      3.5528      3.0761      3.3838      4.4290      3.3647      3.6514      5.9492      3.3563      3.5528      0.4827      3.3838      1.3545      3.3647
330      5.4684      5.9325      1.1942      3.5446      2.9589      3.3746      4.4410      3.3530      3.6966      5.9325      3.3425      3.5446      0.5017      3.3746      1.4969      3.3530
331      5.2740      5.9815      2.0682      3.5728      2.3816      3.4019      4.2267      3.3825      3.6609      5.9815      2.9078      3.5728     -0.1929      3.4019      2.2158      3.3825
332      5.3155      5.9674      2.0387      3.5637      2.3473      3.3956      4.3114      3.3735      3.7260      5.9674      2.9899      3.5637     -0.2394      3.3956      2.2105      3.3735
333      5.3187      5.9513      2.0415      3.5566      2.3152      3.3843      4.3313      3.3639      3.7580      5.9513      3.0118      3.5566     -0.2179      3.3843      2.2370      3.3639
334      5.5290      5.9572      2.1117      3.5644      2.7473      3.3854      4.3085      3.3648      4.0192      5.9572      2.9942      3.5644     -0.1958      3.3854      2.6739      3.3648
335      5.6565      5.9426      2.2256      3.5549      2.7709      3.3782      4.4006      3.3563      4.0190      5.9426      3.0710      3.5549     -0.0923      3.3782      2.5908      3.3563
336      6.0162      5.9459      2.3476      3.5607      3.1318      3.3774      4.5689      3.3570      4.3386      5.9459      3.2033      3.5607     -0.2807      3.3774      2.9126      3.3570
337      6.1663      5.9510      2.9845      3.5606      3.0508      3.3833      4.4507      3.3601      3.9579      5.9510      3.0571      3.5606     -0.6174      3.3833      2.4367      3.3601
338      5.9105      5.9393      2.7499      3.5509      2.9978      3.3804      4.2877      3.3525      4.0099      5.9393      3.2491      3.5509     -0.7118      3.3804      2.2396      3.3525
339      5.9065      5.9211      2.7715      3.5402      3.0094      3.3718      4.2601      3.3403      3.9851      5.9211      3.2275      3.5402     -0.7326      3.3718      2.2199      3.3403
340      6.2126      5.9221      3.0310      3.5437      3.4792      3.3703      4.1599      3.3398      3.9684      5.9221      3.4345      3.5437     -0.9058      3.3703      1.7699      3.3398
341      6.6669      5.9269      3.3441      3.5475      3.7707      3.3701      4.3643      3.3444      4.2992      5.9269      3.6028      3.5475     -1.2496      3.3701      1.9854      3.3444
342      6.6155      5.9104      3.2968      3.5356      3.7586      3.3645      4.3323      3.3336      4.2943      5.9104      3.5656      3.5356     -1.2674      3.3645      2.0302      3.3336
343      6.5960      5.8955      3.1088      3.5241      3.7970      3.3607      4.4075      3.3231      4.1563      5.8955      3.4902      3.5241     -1.2791      3.3607      1.8593      3.3231
344      6.6549      5.8804      3.1512      3.5157      3.8366      3.3504      4.4315      3.3158      4.1126      5.8804      3.4700      3.5157     -1.2369      3.3504      1.8283      3.3158
345      6.6698      5.8651      3.1485      3.5105      3.8225      3.3397      4.4679      3.3049      4.1084      5.8651      3.4592      3.5105     -1.2726      3.3397      1.8149      3.3049
346      6.6706      5.8531      3.1081      3.5056      3.6805      3.3318      4.6142      3.2968      4.2309      5.8531      3.5803      3.5056     -1.1479      3.3318      1.9402      3.2968
347      6.6778      5.8443      2.8999      3.4986      3.9360      3.3239      4.5488      3.2965      4.4498      5.8443      3.8378      3.4986     -0.9229      3.3239      2.0543      3.2965
348      6.9892      5.8498      3.1307      3.5031      4.3720      3.3256      4.4647      3.2998      4.8761      5.8498      4.1179      3.5031     -0.9657      3.3256      2.4261      3.2998
349      6.9870      5.8367      3.1654      3.4970      4.4654      3.3174      4.3427      3.2913      4.8182      5.8367      4.0266      3.4970     -0.8609      3.3174      2.5021      3.2913
350      6.9640      5.8223      3.1312      3.4885      4.4742      3.3077      4.3214      3.2847      4.8139      5.8223      4.0211      3.4885     -0.8994      3.3077      2.4892      3.2847
351      7.0137      5.8069      3.2017      3.4783      4.5175      3.3011      4.3051      3.2749      4.7607      5.8069      4.0012      3.4783     -0.8926      3.3011      2.4204      3.2749
352      6.8685      5.7933      3.0490      3.4678      4.4650      3.2950      4.2360      3.2680      4.8103      5.7933      4.0977      3.4678     -0.9864      3.2950      2.3183      3.2680
353      6.8892      5.7774      2.9237      3.4570      4.5120      3.2897      4.3076      3.2566      4.6992      5.7774      4.0439      3.4570     -0.9483      3.2897      2.1977      3.2566
354      6.6189      5.7675      3.0065      3.4499      4.0800      3.2815      4.2573      3.2548      4.2699      5.7675      3.6324      3.4499     -1.0205      3.2815      1.9990      3.2548
355      6.6565      5.7543      3.1292      3.4403      4.0400      3.2767      4.2656      3.2464      4.2452      5.7543      3.6751      3.4403     -0.9832      3.2767      1.8839      3.2464
356      6.7269      5.7407      3.2296      3.4299      4.0566      3.2712      4.2854      3.2389      4.2415      5.7407      3.6447      3.4299     -0.9320      3.2712      1.9589      3.2389
357      6.6350      5.7262      3.2500      3.4190      4.0693      3.2675      4.1112      3.2285      4.4078      5.7262      3.8256      3.4190     -0.9780      3.2675      1.9588      3.2285
358      6.6790      5.7119      3.3828      3.4097      3.9848      3.2624      4.1578      3.2181      4.4172      5.7119      3.7547      3.4097     -0.9744      3.2624      2.1130      3.2181
359      6.7306      5.7305      3.7838      3.4200      4.2492      3.2738      3.5956      3.2287      4.9932      5.7305      4.2600      3.4200     -1.4470      3.2738      2.1658      3.2287
360      6.7844      5.7187      3.7230      3.4108      4.2697      3.2711      3.7334      3.2202      5.1400      5.7187      4.4039      3.4108     -1.4622      3.2711      2.2107      3.2202
361      6.7899      5.7070      3.6342      3.4051      4.3624      3.2649      3.7237      3.2117      5.1926      5.7070      4.4109      3.4051     -1.4313      3.2649      2.3361      3.2117
362      6.9015      5.7010      4.0423      3.3991      4.2396      3.2636      3.6492      3.2088      5.0167      5.7010      4.2767      3.3991     -1.6623      3.2636      2.0283      3.2088
363      7.0873      5.6889      4.1820      3.3913      4.3154      3.2586      3.7574      3.2006      5.0233      5.6889      4.3826      3.3913     -1.5737      3.2586      1.8840      3.2006
364      7.0230      5.6754      4.1963      3.3845      4.3166      3.2515      3.6167      3.1910      4.9098      5.6754      4.2875      3.3845     -1.4708      3.2515      1.8867      3.1910
365      6.0886      5.7729      3.0038      3.4402      3.4243      3.3047      4.0400      3.2513      4.1092      5.7729      3.4678      3.4402     -0.3744      3.3047      2.1724      3.2513
366      6.4365      5.7902      3.1153      3.4520      4.0204      3.3121      3.9445      3.2619      4.6818      5.7902      3.8809      3.4520     -0.3334      3.3121      2.5974      3.2619
367      6.2818      5.7770      2.9758      3.4419      3.9609      3.3067      3.8623      3.2547      4.7254      5.7770      3.9930      3.4419     -0.4076      3.3067      2.4937      3.2547
368      6.3182      5.7639      2.9519      3.4358      3.9661      3.2987      3.9339      3.2460      4.6938      5.7639      3.9495      3.4358     -0.4738      3.2987      2.4919      3.2460
369      6.6339      5.7564      3.0322      3.4347      4.1895      3.2929      4.1548      3.2396      4.6784      5.7564      4.0848      3.4347     -0.2645      3.2929      2.2654      3.2396
370      6.8027      5.7672      3.6238      3.4392      4.0281      3.3021      4.1132      3.2447      4.3996      5.7672      4.0115      3.4392     -0.4815      3.3021      1.7415      3.2447
371      7.0143      5.7599      3.9978      3.4326      4.1227      3.3006      4.0275      3.2403      4.3026      5.7599      3.9955      3.4326     -0.6708      3.3006      1.4486      3.2403
372      6.9720      5.7524      3.9047      3.4271      4.2475      3.2956      3.9142      3.2379      4.1606      5.7524      3.8181      3.4271     -0.8104      3.2956      1.4409      3.2379
373      7.2617      5.7426      4.0926      3.4207      4.4755      3.2907      3.9941      3.2322      4.2743      5.7426      4.0129      3.4207     -0.8411      3.2907      1.2079      3.2322
374      7.2261      5.7323      3.9273      3.4133      4.5367      3.2879      4.0263      3.2247      4.3442      5.7323      4.0381      3.4133     -0.8297      3.2879      1.3705      3.2247
375      6.3590      5.8602      2.6735      3.4873      3.5275      3.3585      4.5657      3.3016      3.5571      5.8602      3.1024      3.4873      0.3602      3.3585      1.7026      3.3016
376      5.9053      5.9827      2.4112      3.5575      2.0226      3.4265      4.9967      3.3758      2.6907      5.9827      1.5128      3.5575      0.5850      3.4265      2.1469      3.3758
377      5.9476      5.9719      2.4857      3.5535      1.8761      3.4184      5.0672      3.3692      2.8610      5.9719      1.5755      3.5535      0.6910      3.4184      2.2860      3.3692
378      5.9559      5.9604      2.5215      3.5455      1.7436      3.4104      5.1063      3.3653      2.9877      5.9604      1.7179      3.5455      0.7531      3.4104      2.3255      3.3653
379      6.2841      5.9970      2.7940      3.5656      2.5863      3.4288      4.9995      3.3902      3.7217      5.9970      2.5061      3.5656      0.6300      3.4288      2.6784      3.3902
380      6.0216      5.9958      2.3626      3.5626      2.5899      3.4314      4.8959      3.3886      3.5236      5.9958      2.6211      3.5626      0.4540      3.4314      2.3108      3.3886
381      6.0324      5.9800      2.2335      3.5504      2.5720      3.4268      4.9786      3.3783      3.4075      5.9800      2.5447      3.5504      0.5042      3.4268      2.2093      3.3783
382      6.0184      5.9665      2.1314      3.5425      2.6481      3.4196      4.9664      3.3700      3.3074      5.9665      2.5162      3.5425      0.4454      3.4196      2.0998      3.3700
383      5.9501      5.9581      2.0223      3.5403      2.4380      3.4135      5.0369      3.3636      3.1853      5.9581      2.5429      3.5403      0.3701      3.4135      1.8823      3.3636
384      5.9136      5.9450      1.9656      3.5315      2.3948      3.4055      5.0371      3.3578      3.2265      5.9450      2.5710      3.5315      0.3322      3.4055      1.9208      3.3578
385      5.9466      5.9313      2.1301      3.5213      2.3546      3.4019      5.0280      3.3478      3.3188      5.9313      2.5653      3.5213      0.3262      3.4019      2.0802      3.3478
386      5.7845      5.9175      1.9877      3.5105      2.3376      3.3986      4.9035      3.3381      3.3525      5.9175      2.7137      3.5105      0.3388      3.3986      1.9391      3.3381
387      5.8755      5.9040      2.2113      3.4999      2.4755      3.3916      4.8481      3.3323      3.5282      5.9040      2.8324      3.4999      0.2075      3.3916      2.0934      3.3323
388      6.1247      5.8999      2.2516      3.5004      2.5923      3.3880      5.0717      3.3281      3.5124      5.8999      2.7220      3.5004     -0.0090      3.3880      2.2198      3.3281
389      6.1859      5.8864      2.1214      3.4954      2.5069      3.3782      5.2422      3.3197      3.5836      5.8864      2.7302      3.4954      0.1895      3.3782      2.3136      3.3197
390      6.0559      5.8746      2.1526      3.4883      2.4163      3.3725      5.1188      3.3119      3.7216      5.8746      2.8569      3.4883      0.1318      3.3725      2.3814      3.3119
391      6.1302      5.8608      2.1194      3.4790      2.4176      3.3674      5.2195      3.3025      3.8101      5.8608      2.9544      3.4790      0.1868      3.3674      2.3986      3.3025
392      6.3772      5.8672      2.1224      3.4866      2.8171      3.3691      5.3130      3.3042      4.0375      5.8672      2.9143      3.4866      0.0881      3.3691      2.7929      3.3042
393      6.3421      5.8575      2.1896      3.4809      2.6757      3.3628      5.3168      3.2993      4.0455      5.8575      3.0337      3.4809      0.1366      3.3628      2.6728      3.2993
394      6.3949      5.8475      2.4583      3.4746      2.8151      3.3584      5.1891      3.2927      3.8596      5.8475      2.9963      3.4746     -0.0271      3.3584      2.4326      3.2927
395      6.3830      5.8533      2.9316      3.4757      2.7476      3.3661      4.9597      3.2940      4.3005      5.8533      3.2131      3.4757     -0.0366      3.3661      2.8581      3.2940
396      6.4256      5.8418      3.0548      3.4675      2.7050      3.3610      4.9639      3.2874      4.3837      5.8418      3.2326      3.4675      0.0306      3.3610      2.9607      3.2874
397      6.3851      5.8297      2.9117      3.4595      2.7745      3.3557      4.9592      3.2797      4.2753      5.8297      3.2108      3.4595     -0.0309      3.3557      2.8228      3.2797
398      6.2060      5.8210      2.6819      3.4525      2.7480      3.3522      4.8755      3.2752      4.2422      5.8210      3.2990      3.4525     -0.1770      3.3522      2.6611      3.2752
399      6.3008      5.8103      2.8573      3.4445      2.7957      3.3479      4.8703      3.2691      4.1489      5.8103      3.2916      3.4445     -0.0916      3.3479      2.5239      3.2691
400      6.2847      5.7984      2.8240      3.4361      2.7747      3.3398      4.8809      3.2650      4.1603      5.7984      3.3099      3.4361     -0.1216      3.3398      2.5175      3.2650
401      6.2903      5.7845      2.8155      3.4304      2.7449      3.3307      4.9098      3.2557      4.1287      5.7845      3.2890      3.4304     -0.1461      3.3307      2.4914      3.2557
402      6.1551      5.7716      2.6780      3.4237      2.5626      3.3226      4.9139      3.2479      4.1657      5.7716      3.1910      3.4237     -0.0903      3.3226      2.6763      3.2479
403      6.2037      5.7595      2.7371      3.4191      2.4438      3.3153      5.0022      3.2389      4.2027      5.7595      3.1255      3.4191     -0.0195      3.3153      2.8096      3.2389
404      6.2068      5.7449      2.8065      3.4108      2.3872      3.3081      4.9949      3.2290      4.2446      5.7449      3.1058      3.4108     -0.0447      3.3081      2.8928      3.2290
405      6.3704      5.7368      2.9714      3.4072      2.5844      3.3029      5.0074      3.2237      4.4357      5.7368      3.1673      3.4072     -0.1213      3.3029      3.1031      3.2237
406      7.1718      5.8290      3.4483      3.4598      3.8229      3.3537      4.9930      3.2803      5.1208      5.8290      4.3769      3.4598     -0.4576      3.3537      2.6183      3.2803
407      7.0315      5.8328      3.1348      3.4605      3.9974      3.3575      4.8617      3.2822      5.0812      5.8328      4.1175      3.4605     -0.5980      3.3575      2.9167      3.2822
408      6.8845      5.8264      2.7347      3.4538      3.8654      3.3553      4.9977      3.2803      4.7875      5.8264      3.9558      3.4538     -0.3347      3.3553      2.6757      3.2803
409      6.8942      5.8236      2.9802      3.4532      3.6152      3.3547      5.0576      3.2766      4.9188      5.8236      3.8685      3.4532     -0.3077      3.3547      3.0223      3.2766
410      6.9313      5.8184      2.7858      3.4498      3.6669      3.3523      5.1804      3.2734      5.0435      5.8184      3.8987      3.4498     -0.4663      3.3523      3.1654      3.2734
411      6.9913      5.8067      2.8497      3.4415      3.7143      3.3460      5.1925      3.2677      5.0390      5.8067      3.8550      3.4415     -0.4323      3.3460      3.2162      3.2677
412      6.6066      5.8063      2.4672      3.4388      3.5056      3.3484      5.0271      3.2675      5.0443      5.8063      3.5769      3.4388     -0.2777      3.3484      3.5459      3.2675
413      6.6674      5.8172      2.7854      3.4465      3.1603      3.3551      5.1679      3.2717      4.8036      5.8172      3.6656      3.4465     -0.4215      3.3551      3.0758      3.2717
414      6.4314      5.8113      2.6672      3.4420      3.2376      3.3548      4.8752      3.2664      4.9519      5.8113      3.9599      3.4420     -0.5384      3.3548      2.9240      3.2664
415      6.3690      5.7991      2.6424      3.4331      3.1760      3.3474      4.8471      3.2616      5.0014      5.7991      4.0312      3.4331     -0.5513      3.3474      2.9085      3.2616
416      6.1856      5.7950      2.3074      3.4303      2.9418      3.3457      4.9278      3.2589      5.1234      5.7950      3.9642      3.4303     -0.3624      3.3457      3.2254      3.2589
417      6.1399      5.7823      2.2660      3.4208      2.9511      3.3415      4.8841      3.2507      5.1090      5.7823      3.9107      3.4208     -0.3773      3.3415      3.2658      3.2507
418      6.0873      5.7710      2.1283      3.4125      2.9059      3.3383      4.9072      3.2428      5.2006      5.7710      3.9233      3.4125     -0.3674      3.3383      3.3940      3.2428
419      6.0846      5.7608      2.1836      3.4050      3.0147      3.3331      4.8131      3.2377      5.0606      5.7608      3.7809      3.4050     -0.3719      3.3331      3.3431      3.2377
420      6.1065      5.7487      2.2135      3.4002      2.9768      3.3247      4.8506      3.2301      5.0883      5.7487      3.7854      3.4002     -0.3241      3.3247      3.3847      3.2301
421      6.1002      5.7363      2.2137      3.3957      2.9616      3.3155      4.8520      3.2220      5.1008      5.7363      3.7903      3.3957     -0.3220      3.3155      3.3983      3.2220
422      6.1028      5.7239      2.2261      3.3874      2.9653      3.3085      4.8472      3.2159      5.1057      5.7239      3.7909      3.3874     -0.3122      3.3085      3.4059      3.2159
423      6.1238      5.7122      2.2211      3.3822      2.9945      3.3004      4.8581      3.2090      5.1097      5.7122      3.7726      3.3822     -0.3257      3.3004      3.4308      3.2090
424      6.2092      5.7021      2.1847      3.3749      2.9695      3.2971      4.9963      3.2020      5.2295      5.7021      3.9132      3.3749     -0.2645      3.2971      3.4590      3.2020
425      5.8330      5.7194      2.0557      3.3844      2.2310      3.3048      4.9821      3.2149      5.0384      5.7194      3.2477      3.3844     -0.2144      3.3048      3.8461      3.2149
426      5.8228      5.7090      2.0741      3.3774      2.1517      3.2974      4.9973      3.2113      5.1090      5.7090      3.3268      3.3774     -0.1838      3.2974      3.8731      3.2113
427      5.7475      5.7179      2.5257      3.3799      1.6766      3.3005      4.8829      3.2214      4.7507      5.7179      2.7918      3.3799     -0.6363      3.3005      3.7908      3.2214
428      5.5493      5.7258      2.8212      3.3824      1.2123      3.3050      4.6223      3.2282      4.2922      5.7258      2.2428      3.3824     -0.8377      3.3050      3.5625      3.2282
429      5.5030      5.7977      3.3217      3.4251      0.2814      3.3458      4.3783      3.2692      3.3443      5.7977      1.5220      3.4251     -1.0345      3.3458      2.7924      3.2692
430      5.5308      5.7862      3.4263      3.4190      0.1947      3.3405      4.3373      3.2606      3.4723      5.7862      1.5359      3.4190     -1.0723      3.3405      2.9236      3.2606
431      5.6420      5.7748      3.4878      3.4149      0.2996      3.3326      4.4247      3.2528      3.3621      5.7748      1.5624      3.4149     -0.9757      3.3326      2.8127      3.2528
432      5.6123      5.7650      3.5718      3.4082      0.3725      3.3274      4.3129      3.2477      3.2746      5.7650      1.4456      3.4082     -0.8897      3.3274      2.8003      3.2477
433      5.7102      5.7560      3.7939      3.4010      0.3372      3.3261      4.2542      3.2408      3.4800      5.7560      1.4848      3.4010     -0.9311      3.3261      3.0064      3.2408
434      5.8259      5.7640      4.1460      3.4030     -0.1039      3.3293      4.0916      3.2494      3.2914      5.7640      0.9783      3.4030     -1.2657      3.3293      2.8765      3.2494
435      5.6613      5.7558      3.9127      3.3956      0.1408      3.3222      4.0892      3.2499      3.3258      5.7558      1.2461      3.3956     -1.0226      3.3222      2.9091      3.2499
436      5.6710      5.7441      3.9298      3.3877      0.1549      3.3154      4.0857      3.2446      3.3077      5.7441      1.2350      3.3877     -1.0125      3.3154      2.8966      3.2446
437      5.7171      5.7647      4.0355      3.4030     -0.4712      3.3255      4.0222      3.2546      2.7207      5.7647      1.0753      3.4030     -0.9868      3.3255      2.2961      3.2546
438      5.3690      5.7663      3.9252      3.4029     -0.5252      3.3289      3.6253      3.2540      2.8929      5.7663      1.4619      3.4029     -1.1687      3.3289      2.2059      3.2540
439      5.4482      5.7831      4.1268      3.4140      0.0710      3.3367      3.5564      3.2643      3.4527      5.7831      1.8569      3.4140     -1.2235      3.3367      2.6412      3.2643
440      5.5658      5.7747      4.2891      3.4074      0.0909      3.3311      3.5458      3.2620      3.4433      5.7747      1.8528      3.4074     -1.0812      3.3311      2.6935      3.2620
441      5.4633      5.7652      4.1780      3.4007      0.0708      3.3251      3.5195      3.2583      3.5097      5.7652      1.8429      3.4007     -1.1810      3.3251      2.7435      3.2583
442      5.4811      5.7528      4.2168      3.3957      0.1455      3.3170      3.4986      3.2498      3.5782      5.7528      1.8669      3.3957     -1.1718      3.3170      2.8187      3.2498
443      6.1829      5.8667      4.0970      3.4658     -0.1746      3.3814      4.6274      3.3126      3.8975      5.8667      2.3603      3.4658     -0.0705      3.3814      3.1007      3.3126
444      6.1523      5.8927      3.6805      3.4833      0.3597      3.3960      4.9168      3.3252      3.4035      5.8927      2.3500      3.4833      0.2443      3.3960      2.4498      3.3252
445      6.2235      5.8824      3.7960      3.4769      0.4501      3.3905      4.9113      3.3194      3.3019      5.8824      2.3105      3.4769      0.2970      3.3905      2.3400      3.3194
446      6.3691      5.9066      3.8099      3.4947      1.0560      3.4025      4.9934      3.3314      3.7828      5.9066      2.3939      3.4947      0.2122      3.4025      2.9213      3.3314
447      6.1386      5.8987      3.7569      3.4877      0.8783      3.3999      4.7745      3.3274      3.6380      5.8987      2.0913      3.4877      0.2448      3.3999      2.9667      3.3274
448      6.0480      5.8932      3.6452      3.4874      0.5847      3.3952      4.7905      3.3226      3.3865      5.8932      2.0645      3.4874      0.2486      3.3952      2.6729      3.3226
449      5.9267      5.8938      3.2600      3.4864      0.4547      3.3983      4.9287      3.3216      3.0508      5.8938      1.9743      3.4864      0.1376      3.3983      2.3217      3.3216
450      6.1346      5.8876      3.4028      3.4847      0.6804      3.3942      5.0588      3.3165      2.9366      5.8876      2.0653      3.4847      0.2641      3.3942      2.0709      3.3165
451      6.1342      5.8801      3.5134      3.4817      0.5194      3.3899      5.0015      3.3109      3.1139      5.8801      2.1345      3.4817      0.2496      3.3899      2.2535      3.3109
452      6.3113      5.8760      3.6908      3.4806      0.7637      3.3866      5.0624      3.3081      2.9123      5.8760      2.0740      3.4806      0.3741      3.3866      2.0099      3.3081
453      6.5330      5.8752      4.0013      3.4776      0.4854      3.3839      5.1414      3.3126      2.6793      5.8752      1.7546      3.4776      0.0474      3.3839      2.0243      3.3126
454      6.3661      5.8653      3.8720      3.4704      0.4295      3.3792      5.0350      3.3074      2.7036      5.8653      1.8760      3.4704     -0.0569      3.3792      1.9459      3.3074
455      6.2391      5.8617      3.5235      3.4668      0.2438      3.3797      5.1431      3.3043      2.3800      5.8617      1.7454      3.4668      0.0129      3.3797      1.6179      3.3043
456      6.2144      5.8493      3.5152      3.4628      0.1817      3.3706      5.1215      3.2959      2.3307      5.8493      1.7311      3.4628      0.0368      3.3706      1.5602      3.2959
457      6.2484      5.8369      3.5289      3.4579      0.1830      3.3619      5.1532      3.2879      2.3255      5.8369      1.7186      3.4579      0.0021      3.3619      1.5666      3.2879
458      6.2467      5.8262      3.4510      3.4515      0.1047      3.3566      5.2059      3.2809      2.4286      5.8262      1.7748      3.4515      0.0184      3.3566      1.6577      3.2809
459      6.1595      5.8166      3.3690      3.4452      0.0426      3.3500      5.1564      3.2773      2.4801      5.8166      1.8388      3.4452     -0.0698      3.3500      1.6628      3.2773
460      6.0961      5.8362      3.2964      3.4568      0.6814      3.3589      5.0825      3.2908      3.1038      5.8362      2.3767      3.4568      0.0630      3.3589      1.9953      3.2908
461      5.9572      5.8414      3.3498      3.4592      0.3595      3.3615      4.9130      3.2949      3.4630      5.8414      2.7197      3.4592      0.0420      3.3615      2.1432      3.2949
462      5.7812      5.8334      3.0632      3.4524      0.3989      3.3606      4.8867      3.2887      3.3514      5.8334      2.7797      3.4524      0.0657      3.3606      1.8711      3.2887
463      5.8519      5.8226      3.0538      3.4462      0.3609      3.3552      4.9788      3.2816      3.4345      5.8226      2.8636      3.4462      0.1290      3.3552      1.8917      3.2816
464      5.7429      5.8104      3.0592      3.4395      0.3811      3.3491      4.8453      3.2733      3.5339      5.8104      2.9731      3.4395      0.2255      3.3491      1.8968      3.2733
465      5.7467      5.7994      3.0680      3.4321      0.3885      3.3428      4.8436      3.2678      3.5258      5.7994      2.9678      3.4321      0.2303      3.3428      1.8896      3.2678
466      5.7000      5.7886      3.0558      3.4262      0.3134      3.3362      4.8015      3.2617      3.5558      5.7886      3.0378      3.4262      0.2575      3.3362      1.8300      3.2617
467      5.6912      5.7760      2.9876      3.4166      0.3208      3.3317      4.8334      3.2540      3.6112      5.7760      3.0679      3.4166      0.2881      3.3317      1.8830      3.2540
468      5.5912      5.7666      2.8922      3.4131      0.4646      3.3258      4.7624      3.2471      3.5389      5.7666      3.0886      3.4131      0.2070      3.3258      1.7152      3.2471
469      5.7076      5.7608      3.0664      3.4103      0.3098      3.3232      4.8040      3.2423      3.4481      5.7608      3.1066      3.4103      0.1418      3.3232      1.4894      3.2423
470      5.7198      5.7484      3.0609      3.4066      0.3406      3.3142      4.8199      3.2336      3.4387      5.7484      3.1097      3.4066      0.1588      3.3142      1.4592      3.2336
471      5.7648      5.7502      2.7951      3.4069      0.1606      3.3170      5.0393      3.2334      3.7455      5.7502      3.3182      3.4069      0.2359      3.3170      1.7211      3.2334
472      5.7721      5.7393      2.8261      3.3999      0.1879      3.3113      5.0294      3.2274      3.7157      5.7393      3.2991      3.3999      0.2463      3.3113      1.6917      3.2274
473      5.6387      5.7272      2.6594      3.3908      0.1071      3.3026      4.9710      3.2243      3.6628      5.7272      3.2083      3.3908      0.4103      3.3026      1.7190      3.2243
474      5.7549      5.7193      2.8264      3.3866      0.3016      3.2984      5.0040      3.2189      3.6620      5.7193      3.3203      3.3866      0.3882      3.2984      1.4951      3.2189
475      5.7645      5.7089      2.8391      3.3792      0.3485      3.2913      5.0047      3.2155      3.6172      5.7089      3.2727      3.3792      0.3968      3.2913      1.4888      3.2155
476      5.8016      5.7014      2.6934      3.3735      0.3808      3.2898      5.1243      3.2098      3.7629      5.7014      3.3787      3.3735      0.3624      3.2898      1.6164      3.2098
477      5.8896      5.6923      2.6566      3.3713      0.5696      3.2826      5.2255      3.2034      3.7706      5.6923      3.4523      3.3713      0.4759      3.2826      1.4397      3.2034
478      5.9684      5.6886      2.9388      3.3674      0.5962      3.2833      5.1604      3.2001      3.6495      5.6886      3.4119      3.3674      0.5109      3.2833      1.1905      3.2001
479      5.9285      5.6744      2.8725      3.3565      0.5416      3.2732      5.1577      3.1967      3.6126      5.6744      3.3574      3.3565      0.5705      3.2732      1.2055      3.1967
480      5.3130      5.7263      2.4277      3.3859      0.7154      3.3046      4.6715      3.2258      3.1764      5.7263      2.7577      3.3859      0.1991      3.3046      1.5636      3.2258
481      5.3085      5.7158      2.4443      3.3801      0.7061      3.2977      4.6590      3.2203      3.1766      5.7158      2.7627      3.3801      0.2178      3.2977      1.5526      3.2203
482      5.2751      5.7048      2.4079      3.3721      0.6960      3.2928      4.6416      3.2143      3.1819      5.7048      2.7854      3.3721      0.1956      3.2928      1.5256      3.2143
483      5.2759      5.6920      2.4179      3.3666      0.6769      3.2845      4.6401      3.2059      3.1841      5.6920      2.7773      3.3666      0.1906      3.2845      1.5454      3.2059
484      5.3437      5.6903      2.6323      3.3652      0.3009      3.2822      4.6406      3.2065      3.0628      5.6903      2.4542      3.3652      0.0201      3.2822      1.8323      3.2065
485      5.3347      5.6792      2.6491      3.3618      0.4330      3.2739      4.6102      3.1990      3.0276      5.6792      2.4985      3.3618     -0.0108      3.2739      1.7098      3.1990
486      5.3340      5.6689      2.6724      3.3564      0.4127      3.2681      4.5977      3.1922      3.0144      5.6689      2.5015      3.3564      0.0058      3.2681      1.6820      3.1922
487      5.2942      5.6560      2.6115      3.3466      0.3986      3.2610      4.5879      3.1869      3.0187      5.6560      2.4829      3.3466      0.0521      3.2610      1.7160      3.1869
488      5.3177      5.6461      2.5357      3.3400      0.3592      3.2572      4.6604      3.1802      3.1124      5.6461      2.5470      3.3400      0.0879      3.2572      1.7867      3.1802
489      5.3799      5.6341      2.6301      3.3310      0.3755      3.2527      4.6781      3.1730      3.1429      5.6341      2.5293      3.3310      0.0385      3.2527      1.8651      3.1730
490      5.2042      5.6747      2.0257      3.3545      0.6828      3.2777      4.7449      3.1946      3.5012      5.6747      2.4483      3.3545     -0.1115      3.2777      2.5004      3.1946
491      5.2999      5.6807      2.3086      3.3594      1.1006      3.2801      4.6420      3.1978      3.3924      5.6807      2.6444      3.3594     -0.3110      3.2801      2.1021      3.1978
492      5.2321      5.6714      2.3304      3.3560      1.0156      3.2738      4.5730      3.1913      3.4817      5.6714      2.6884      3.3560     -0.3686      3.2738      2.1816      3.1913
493      5.5985      5.6847      3.0124      3.3616      1.0301      3.2803      4.6051      3.2023      3.4748      5.6847      2.7014      3.3616     -0.9808      3.2803      1.9532      3.2023
494      5.6970      5.6775      3.2586      3.3554      1.0267      3.2782      4.5589      3.1981      3.3861      5.6775      2.6682      3.3554     -1.1077      3.2782      1.7662      3.1981
495      5.6072      5.6665      3.1046      3.3480      0.9311      3.2735      4.5755      3.1912      3.2612      5.6665      2.6290      3.3480     -1.0534      3.2735      1.6168      3.1912
496      5.6127      5.6557      3.0489      3.3404      0.9202      3.2699      4.6218      3.1839      3.2139      5.6557      2.5881      3.3404     -1.0793      3.2699      1.5703      3.1839
497      5.6467      5.6434      3.1178      3.3307      0.7846      3.2609      4.6421      3.1813      3.1389      5.6434      2.4419      3.3307     -1.1500      3.2609      1.6023      3.1813
498      5.6125      5.6325      3.1275      3.3229      0.7731      3.2572      4.5957      3.1739      3.0938      5.6325      2.3929      3.3229     -1.1411      3.2572      1.5949      3.1739
499      5.6621      5.6303      3.1031      3.3238      1.0801      3.2544      4.6112      3.1719      2.8777      5.6303      2.2859      3.3238     -1.1411      3.2544      1.3244      3.1719
500      5.6595      5.6207      3.0491      3.3175      1.0367      3.2503      4.6538      3.1658      2.9380      5.6207      2.3329      3.3175     -1.1353      3.2503      1.3787      3.1658
501      5.6826      5.6113      3.1309      3.3106      1.0156      3.2442      4.6323      3.1625      2.9458      5.6113      2.3649      3.3106     -1.0597      3.2442      1.4008      3.1625
502      6.2011      5.6450      3.9365      3.3285      1.0395      3.2648      4.6772      3.1824      3.0410      5.6450      2.4415      3.3285     -1.5965      3.2648      0.8590      3.1824
503      6.2075      5.6357      3.9395      3.3219      0.9836      3.2587      4.6952      3.1791      3.0857      5.6357      2.5026      3.3219     -1.5861      3.2587      0.8619      3.1791
504      6.2716      5.6310      3.8028      3.3207      1.1759      3.2560      4.8466      3.1749      2.8949      5.6310      2.4091      3.3207     -1.4727      3.2560      0.6386      3.1749
505      6.1400      5.6265      3.9166      3.3207      1.1881      3.2518      4.5769      3.1712      3.0957      5.6265      2.4626      3.3207     -1.7593      3.2518      0.6511      3.1712
506      6.1433      5.6166      3.9303      3.3173      1.1414      3.2450      4.5815      3.1640      3.0930      5.6166      2.4688      3.3173     -1.7630      3.2450      0.6030      3.1640
507      6.1183      5.6081      3.9233      3.3138      1.0488      3.2387      4.5762      3.1592      3.1493      5.6081      2.5167      3.3138     -1.7686      3.2387      0.6756      3.1592
508      6.1251      5.5983      3.9265      3.3096      1.0731      3.2315      4.5769      3.1535      3.1348      5.5983      2.5049      3.3096     -1.7670      3.2315      0.6561      3.1535
509      6.1296      5.5875      3.8750      3.3050      1.1418      3.2249      4.6101      3.1459      3.0991      5.5875      2.5069      3.3050     -1.7290      3.2249      0.5749      3.1459
510      6.1329      5.5780      3.8820      3.2984      1.1355      3.2185      4.6101      3.1426      3.1012      5.5780      2.5138      3.2984     -1.7220      3.2185      0.5772      3.1426
511      6.2504      5.5701      3.9208      3.2923      1.1936      3.2161      4.7190      3.1375      3.0152      5.5701      2.3804      3.2923     -1.7397      3.2161      0.6310      3.1375
512      6.7908      5.6913      4.7334      3.3644      2.2599      3.2845      4.3131      3.2069      3.9774      5.6913      3.0910      3.3644     -2.4952      3.2845     -0.1988      3.2069
513      6.7547      5.7068      4.4897      3.3728      2.6315      3.2928      4.3063      3.2170      3.8424      5.7068      2.7190      3.3728     -2.7147      3.2928      0.0465      3.2170
514      6.7284      5.7059      4.2976      3.3727      2.7843      3.2933      4.3645      3.2150      3.8966      5.7059      2.7370      3.3727     -2.7589      3.2933      0.2833      3.2150
515      7.0190      5.7126      4.6804      3.3757      2.9562      3.2990      4.3152      3.2179      3.8066      5.7126      2.6909      3.3757     -2.6913      3.2990     -0.0797      3.2179
516      7.0091      5.6996      4.6827      3.3667      2.9373      3.2908      4.3096      3.2127      3.8192      5.6996      2.7120      3.3667     -2.6879      3.2908     -0.0800      3.2127
517      6.5887      5.7254      4.6012      3.3824      2.1928      3.3036      4.1751      3.2288      3.3681      5.7254      2.1310      3.3824     -2.5574      3.3036     -0.5126      3.2288
518      6.8130      5.7204      4.9186      3.3771      2.3877      3.3004      4.0649      3.2288      3.6651      5.7204      2.3362      3.3771     -2.8008      3.3004     -0.3615      3.2288
519      6.9258      5.7194      5.1417      3.3758      2.2649      3.3000      4.0498      3.2289      3.6397      5.7194      2.4498      3.3758     -2.6376      3.3000     -0.5376      3.2289
520      6.9696      5.7080      5.2095      3.3684      2.1814      3.2942      4.0839      3.2224      3.5914      5.7080      2.3697      3.3684     -2.6609      3.2942     -0.4498      3.2224
521      6.9265      5.6978      5.1656      3.3612      2.1818      3.2898      4.0660      3.2164      3.6265      5.6978      2.3864      3.3612     -2.6872      3.2898     -0.4849      3.2164
522      6.9022      5.6869      5.1469      3.3574      2.2205      3.2818      4.0273      3.2091      3.5928      5.6869      2.3925      3.3574     -2.6429      3.2818     -0.4465      3.2091
523      6.7771      5.6740      4.9734      3.3487      2.2764      3.2746      4.0015      3.2029      3.4982      5.6740      2.4145      3.3487     -2.5101      3.2746     -0.3270      3.2029
524      6.7792      5.6643      4.9926      3.3442      2.2516      3.2690      3.9953      3.1959      3.4972      5.6643      2.4150      3.3442     -2.5040      3.2690     -0.3581      3.1959
525      6.7075      5.6562      4.8151      3.3385      2.3954      3.2640      4.0085      3.1927      3.4772      5.6562      2.5331      3.3385     -2.3722      3.2640     -0.2173      3.1927
526      6.7721      5.6454      4.8392      3.3314      2.4728      3.2562      4.0409      3.1890      3.5526      5.6454      2.6077      3.3314     -2.4051      3.2562     -0.1910      3.1890
527      6.5183      5.6426      4.4968      3.3285      2.5465      3.2547      3.9727      3.1887      3.3760      5.6426      2.6185      3.3285     -2.1308      3.2547      0.0252      3.1887
528      7.0383      5.6663      4.8915      3.3409      3.1133      3.2664      3.9898      3.2057      3.9988      5.6663      3.1361      3.3409     -2.4717      3.2664      0.2151      3.2057
529      7.1440      5.6594      4.9587      3.3393      3.2966      3.2611      3.9471      3.2004      4.0228      5.6594      3.1422      3.3393     -2.5117      3.2611      0.0333      3.2004
530      7.5917      5.6699      5.4171      3.3441      3.4556      3.2699      4.0433      3.2050      3.9295      5.6699      2.9856      3.3441     -2.5081      3.2699      0.4862      3.2050
531      7.5610      5.6586      5.3816      3.3397      3.3878      3.2617      4.0903      3.1981      3.8810      5.6586      2.9565      3.3397     -2.4544      3.2617      0.5455      3.1981
532      7.3420      5.6583      5.0969      3.3383      3.4636      3.2639      3.9912      3.1967      3.8292      5.6583      2.8143      3.3383     -2.4583      3.2639      0.8364      3.1967
533      7.1394      5.6553      5.1134      3.3376      3.3139      3.2622      3.7205      3.1939      3.5265      5.6553      2.6091      3.3376     -2.2578      3.2622      0.7285      3.1939
534      7.4669      5.6780      5.0813      3.3526      3.4287      3.2750      4.2637      3.2054      3.6579      5.6780      2.2674      3.3526     -2.7433      3.2750      0.8448      3.2054
535      7.2045      5.6944      5.1663      3.3640      2.8412      3.2829      4.1403      3.2143      3.3427      5.6944      1.9526      3.3640     -2.6895      3.2829      0.3572      3.2143
536      7.2059      5.6849      5.1655      3.3572      2.8366      3.2788      4.1467      3.2090      3.3474      5.6849      1.9611      3.3572     -2.6892      3.2788      0.3568      3.2090
537      7.1765      5.6759      5.1422      3.3522      2.8390      3.2726      4.1232      3.2044      3.3675      5.6759      1.9482      3.3522     -2.7227      3.2726      0.3629      3.2044
538      7.5056      5.6914      5.3668      3.3634      3.3210      3.2806      4.0624      3.2120      3.3640      5.6914      1.9245      3.3634     -2.7563      3.2806     -0.1253      3.2120
539      7.2090      5.6887      5.0926      3.3614      3.0206      3.2782      4.1122      3.2117      3.0773      5.6887      1.7069      3.3614     -2.5573      3.2782      0.1282      3.2117
540      7.3142      5.6857      5.4008      3.3590      2.8581      3.2763      4.0201      3.2108      3.2585      5.6857      1.6131      3.3590     -2.8069      3.2763      0.3707      3.2108
541      7.5812      5.7018      5.3194      3.3712      3.0539      3.2842      4.4556      3.2186      3.6504      5.7018      1.5448      3.3712     -3.2575      3.2842      0.5724      3.2186
542      7.5819      5.6911      5.2911      3.3641      3.0665      3.2804      4.4817      3.2110      3.6270      5.6911      1.5219      3.3641     -3.2470      3.2804      0.5444      3.2110
543      7.6792      5.6874      5.5741      3.3604      3.0280      3.2811      4.3278      3.2075      3.8195      5.6874      1.6365      3.3604     -3.3591      3.2811      0.7915      3.2075
544      7.5939      5.6755      5.5213      3.3514      2.8900      3.2724      4.3395      3.2049      3.7290      5.6755      1.4967      3.3514     -3.3168      3.2724      0.8152      3.2049
545      7.5987      5.6664      5.5204      3.3449      2.8698      3.2679      4.3623      3.2001      3.7367      5.6664      1.5289      3.3449     -3.3106      3.2679      0.8160      3.2001
546      7.4535      5.6622      5.5634      3.3427      2.6864      3.2650      4.1698      3.1979      3.8241      5.6622      1.3065      3.3427     -3.4727      3.2650      0.9258      3.1979
547      7.4674      5.6514      5.6115      3.3358      2.5761      3.2582      4.1996      3.1930      3.8331      5.6514      1.2031      3.3358     -3.4971      3.2582      1.0075      3.1930
548      7.3739      5.6427      5.5062      3.3300      2.6112      3.2551      4.1518      3.1869      3.8127      5.6427      1.1563      3.3300     -3.4578      3.2551      1.1153      3.1869
549      7.2891      5.6368      5.3473      3.3259      2.5142      3.2532      4.2679      3.1825      3.8500      5.6368      1.2595      3.3259     -3.4084      3.2532      1.2723      3.1825
550      7.1853      5.6317      5.1855      3.3221      2.4600      3.2494      4.3229      3.1813      3.9785      5.6317      1.2881      3.3221     -3.5600      3.2494      1.2228      3.1813
551      7.2049      5.6222      5.2035      3.3170      2.4776      3.2443      4.3238      3.1751      3.9670      5.6222      1.2869      3.3170     -3.5553      3.2443      1.2005      3.1751
552      7.1699      5.6216      5.2680      3.3176      2.1151      3.2426      4.3797      3.1750      3.9999      5.6216      1.0243      3.3176     -3.5691      3.2426      1.4873      3.1750
553      7.1684      5.6122      5.2226      3.3127      2.2517      3.2354      4.3635      3.1709      4.0177      5.6122      1.1251      3.3127     -3.5192      3.2354      1.5784      3.1709
554      7.1053      5.6023      5.1426      3.3055      2.2613      3.2312      4.3505      3.1652      4.0009      5.6023      1.1163      3.3055     -3.4736      3.2312      1.6419      3.1652
555      7.0943      5.5922      5.1050      3.2985      2.2562      3.2270      4.3792      3.1589      3.9984      5.5922      1.1393      3.2985     -3.4495      3.2270      1.6703      3.1589
556      7.1095      5.5823      5.1159      3.2940      2.3663      3.2198      4.3328      3.1534      4.0255      5.5823      1.2152      3.2940     -3.4150      3.2198      1.7508      3.1534
557      6.9343      5.5768      5.0782      3.2899      2.2009      3.2173      4.1776      3.1506      4.0239      5.5768      1.4463      3.2899     -3.3690      3.2173      1.6583      3.1506
558      7.0777      5.5717      5.1911      3.2877      2.3859      3.2139      4.1778      3.1473      4.0413      5.5717      1.3510      3.2877     -3.3335      3.2139      1.8425      3.1473
559      7.2362      5.5636      5.3660      3.2816      2.4584      3.2097      4.1863      3.1437      4.2080      5.5636      1.3800      3.2816     -3.4535      3.2097      1.9690      3.1437
560      7.1735      5.5537      5.3014      3.2768      2.3511      3.2026      4.2220      3.1383      4.1848      5.5537      1.3196      3.2768     -3.3951      3.2026      2.0602      3.1383
561      7.2249      5.5611      5.2270      3.2804      2.7058      3.2059      4.1899      3.1444      4.1266      5.5611      0.9667      3.2804     -3.5008      3.2059      1.9593      3.1444
562      7.1570      5.5521      5.1928      3.2759      2.5327      3.1991      4.2240      3.1401      4.1261      5.5521      0.8367      3.2759     -3.4632      3.1991      2.0809      3.1401
563      7.3773      5.5498      5.3994      3.2752      2.7744      3.1978      4.1920      3.1381      4.3353      5.5498      0.9353      3.2752     -3.5211      3.1978      2.3498      3.1381
564      7.8319      5.6458      5.2774      3.3345      3.7737      3.2518      4.3872      3.1910      5.0917      5.6458      1.0239      3.3345     -3.7096      3.2518      3.3340      3.1910
565      7.4890      5.6443      5.0191      3.3322      3.6340      3.2530      4.2057      3.1896      5.0284      5.6443      1.2731      3.3322     -3.7622      3.2530      3.0839      3.1896
