## This list was generated at 2016-10-26 00:21:49
## Data file: OV.rank
## Global Spin Vector of selected source subsets.
##data format
##Num   w_tol   w_x   w_y   w_z
##            (Expectation | Std)
##unit: uas/yr
############################################################################
100     12.8197     10.2409     -3.7530      6.3105    -12.0239      5.7661     -2.3847      5.6396
101     12.8883     10.1416     -3.6915      6.2623    -12.1078      5.7020     -2.4248      5.5788
102     12.9401     10.0475     -3.6226      6.2148    -12.1664      5.6502     -2.5103      5.5140
103     12.8719      9.9454     -3.8002      6.1330    -12.0603      5.6014     -2.4068      5.4700
104     12.6311      9.8534     -3.3726      6.0650    -11.9588      5.5526     -2.2708      5.4289
105     12.6016      9.7765     -2.7465      6.0060    -12.0417      5.5206     -2.5009      5.3879
106     12.5784      9.6820     -2.5847      5.9365    -12.0601      5.4676     -2.4674      5.3482
107     12.7660      9.5917     -2.4427      5.8704    -12.2939      5.4063     -2.4220      5.3209
108     12.2441      9.5425     -2.2901      5.8402    -11.9136      5.3854     -1.6551      5.2867
109     12.1969      9.4564     -2.4851      5.7806    -11.8227      5.3375     -1.6773      5.2459
110     12.1993      9.3719     -2.5316      5.7420    -11.7989      5.2796     -1.7889      5.1951
111     11.1700      9.3888     -1.4322      5.7424    -11.0101      5.2824     -1.2229      5.2221
112     10.7307      9.3180     -1.0253      5.6942    -10.6186      5.2344     -1.1588      5.1964
113     10.5292      9.2417     -1.2047      5.6573    -10.4062      5.1882     -1.0605      5.1466
114     10.5080      9.1575     -1.0701      5.5911    -10.4001      5.1521     -1.0543      5.1045
115     10.4671      9.1004     -1.2382      5.5738    -10.3815      5.1116     -0.5005      5.0617
116     10.8024      9.0469     -2.0550      5.5264    -10.5917      5.0908     -0.5334      5.0386
117     10.7559      8.9733     -2.1452      5.4842    -10.5252      5.0557     -0.5547      4.9883
118     10.6091      8.8937     -2.0103      5.4215    -10.4011      5.0036     -0.5741      4.9667
119     10.0086      8.8422     -1.8247      5.3871     -9.8334      4.9660     -0.3823      4.9501
120     10.0713      8.7661     -1.9197      5.3271     -9.8825      4.9391     -0.2880      4.9062
121     10.0884      8.7004     -2.3402      5.2764     -9.8106      4.9126     -0.2302      4.8706
122      9.6618      8.6496     -2.4706      5.2616     -9.3360      4.8752     -0.2906      4.8336
123      9.4152      8.5873     -2.2907      5.2362     -9.1320      4.8311     -0.0720      4.7942
124      9.1370      8.5484     -1.5899      5.2041     -8.9940      4.8183      0.2566      4.7724
125      8.8377      8.4892     -1.7406      5.1765     -8.6565      4.7778      0.3761      4.7373
126      8.5177      8.4712     -2.5053      5.1530     -8.1341      4.7618      0.3340      4.7468
127      8.4902      8.4037     -2.4655      5.1036     -8.1195      4.7358      0.2822      4.7060
128      7.7511      8.3954     -1.5180      5.0867     -7.6005      4.7301     -0.0860      4.7154
129      7.9021      8.3356     -1.5172      5.0464     -7.7486      4.7033     -0.3164      4.6792
130      7.8893      8.2740     -1.5401      5.0184     -7.7325      4.6672     -0.2777      4.6358
131      7.7036      8.2118     -1.3122      4.9712     -7.5843      4.6338     -0.3198      4.6097
132      7.7956      8.1475     -1.4854      4.9216     -7.6444      4.6096     -0.3580      4.5730
133      6.8188      8.2333     -2.1475      4.9764     -6.4607      4.6589      0.3788      4.6170
134      6.4867      8.1916     -2.1394      4.9602     -6.0826      4.6300      0.7090      4.5893
135      5.4813      8.1924     -1.8390      4.9604     -5.1330      4.6232      0.5618      4.5973
136      5.3600      8.1493     -1.4120      4.9339     -5.1036      4.5921      0.8302      4.5804
137      5.1591      8.0937     -1.0582      4.8895     -4.9840      4.5550      0.8101      4.5665
138      4.8043      8.1735     -0.3071      4.9454     -4.3740      4.5967      1.9634      4.6065
139      5.4278      8.1652      0.2662      4.9303     -4.9874      4.5909      2.1251      4.6138
140      5.5194      8.1112      0.5085      4.8926     -5.0715      4.5710      2.1178      4.5781
141      5.3694      8.0540      0.4707      4.8480     -4.8725      4.5357      2.2064      4.5597
142      5.2243      7.9997      0.3013      4.8067     -4.7787      4.5168      2.0895      4.5265
143      4.4283      8.0161     -0.0059      4.8121     -4.2110      4.5346      1.3702      4.5321
144      4.4039      7.9605      0.0277      4.7718     -4.1636      4.5086      1.4347      4.5024
145      4.5766      7.9102     -0.1833      4.7321     -4.2451      4.4951      1.7001      4.4691
146      4.3046      7.8619      0.1226      4.7063     -4.0338      4.4649      1.4977      4.4413
147      4.0057      7.8209      0.3852      4.6878     -3.6334      4.4405      1.6419      4.4127
148      3.9017      7.7669      0.4856      4.6469     -3.5001      4.4049      1.6543      4.3963
149      3.7762      7.8426      1.6547      4.6833     -2.6600      4.4478      2.1085      4.4485
150      4.9715      7.9986      0.6475      4.7672     -3.7869      4.5407      3.1552      4.5423
151      5.3732      7.9669      0.2819      4.7401     -3.9346      4.5353      3.6484      4.5205
152      5.3069      7.9134      0.3710      4.7004     -3.9500      4.5172      3.5246      4.4859
153      5.2896      7.8617      0.2770      4.6627     -3.9554      4.4928      3.5012      4.4588
154      5.1753      7.8130      0.1031      4.6275     -3.9594      4.4741      3.3310      4.4284
155      4.7304      7.8780      1.4585      4.6626     -3.1800      4.5191      3.1838      4.4609
156      4.7704      7.8274      1.4581      4.6450     -3.1760      4.4838      3.2470      4.4258
157      4.2199      7.8434      1.2015      4.6669     -3.2984      4.4851      2.3419      4.4298
158      3.9933      7.8003      1.2589      4.6546     -3.0018      4.4531      2.3131      4.3987
159      4.3310      7.7606      1.2984      4.6388     -3.2580      4.4236      2.5411      4.3749
160      4.3523      7.7177      1.6199      4.6088     -3.0953      4.4088      2.5957      4.3456
161      4.3822      7.6688      1.7160      4.5715     -3.1048      4.3871      2.5729      4.3203
162      4.4021      7.6337      1.4430      4.5500     -2.9941      4.3737      2.8865      4.2943
163      4.2072      7.6007      1.7892      4.5277     -2.8529      4.3622      2.5220      4.2710
164      4.4471      7.5595      2.0339      4.4975     -3.0086      4.3424      2.5667      4.2499
165      4.0880      7.5280      1.9591      4.4799     -2.8353      4.3289      2.1988      4.2263
166      3.9613      7.4953      1.9247      4.4652     -2.4949      4.3062      2.4007      4.2068
167      4.5783      7.4855      2.0215      4.4677     -2.8853      4.2982      2.9238      4.1949
168      4.7073      7.4427      1.9403      4.4431     -3.0443      4.2729      3.0210      4.1709
169      4.7828      7.4002      1.8637      4.4139     -3.0835      4.2546      3.1454      4.1448
170      4.8848      7.3628      1.6655      4.3945     -3.3511      4.2299      3.1397      4.1239
171      4.9631      7.3224      1.5859      4.3799     -3.5338      4.2015      3.1031      4.0964
172      4.8407      7.2816      1.6305      4.3577     -3.3036      4.1735      3.1400      4.0760
173      4.9384      7.2400      1.5510      4.3398     -3.4001      4.1442      3.2283      4.0509
174      4.8623      7.2185      1.3795      4.3202     -3.7390      4.1376      2.7854      4.0401
175      4.6811      7.2089      1.7983      4.3177     -3.2242      4.1289      2.8780      4.0346
176      4.6793      7.1803      1.6068      4.3072     -3.0381      4.1107      3.1756      4.0133
177      4.5919      7.1358      1.6556      4.2735     -2.9541      4.0879      3.1014      3.9933
178      5.1423      7.1667      1.8460      4.2982     -3.8504      4.1009      2.8653      4.0086
179      5.1962      7.1280      1.6747      4.2689     -3.9612      4.0809      2.9164      3.9914
180      5.1597      7.0868      1.4708      4.2373     -3.9634      4.0679      2.9582      3.9649
181      5.3545      7.0526      1.5970      4.2197     -4.0262      4.0441      3.1479      3.9470
182      5.1772      7.0160      1.5834      4.1910     -3.9077      4.0280      3.0043      3.9288
183      5.3738      6.9847      1.7274      4.1755     -3.9470      4.0100      3.2116      3.9079
184      5.3184      6.9531      2.0546      4.1538     -3.7559      3.9933      3.1555      3.8916
185      5.1311      6.9181      1.9908      4.1305     -3.5910      3.9738      3.0774      3.8740
186      5.1029      6.8819      2.0857      4.1076     -3.4936      3.9507      3.0796      3.8574
187      4.8906      6.8509      1.9168      4.0910     -3.3227      3.9357      3.0337      3.8352
188      5.6443      6.9490      3.0459      4.1444     -3.9662      3.9940      2.6171      3.8937
189      5.7297      6.9113      3.0446      4.1273     -4.0087      3.9716      2.7368      3.8675
190      5.6041      6.8777      2.9042      4.1060     -3.9309      3.9584      2.7423      3.8439
191      5.3199      6.8592      3.0866      4.1034     -3.5021      3.9428      2.5513      3.8295
192      5.1814      6.8251      2.8684      4.0773     -3.4737      3.9190      2.5597      3.8208
193      5.2658      6.8301      3.5700      4.0791     -3.1841      3.9189      2.2011      3.8280
194      5.1786      6.8048      3.4838      4.0591     -2.9371      3.9079      2.4605      3.8153
195      5.0399      6.8608      3.2182      4.0968     -2.1670      3.9362      3.2168      3.8463
196      5.1076      6.8289      3.2248      4.0869     -2.1065      3.9128      3.3542      3.8238
197      5.0893      6.8050      3.3021      4.0697     -2.3433      3.9025      3.0832      3.8100
198      5.1807      6.7726      3.5243      4.0461     -2.2562      3.8897      3.0542      3.7903
199      5.9483      7.0913      3.9930      4.2329     -0.5666      4.0745      4.3724      3.9710
200      5.6638      7.0681      3.9376      4.2172     -0.7521      4.0656      4.0010      3.9554
201      5.7319      7.0331      3.9819      4.1919     -0.8794      4.0429      4.0281      3.9430
202      5.6944      7.0021      3.8916      4.1735     -1.1943      4.0199      3.9818      3.9308
203      5.5714      6.9708      3.8169      4.1545     -0.9969      4.0004      3.9342      3.9152
204      5.3963      6.9467      3.5416      4.1346     -0.8284      3.9829      3.9863      3.9114
205      5.1071      6.9196      3.4306      4.1129     -0.9785      3.9753      3.6546      3.8939
206      5.0805      6.8937      3.5920      4.0923     -0.6811      3.9579      3.5277      3.8873
207      4.8133      6.8951      3.3524      4.1000     -1.2517      3.9535      3.2191      3.8860
208      4.9555      6.8654      3.3965      4.0888     -1.3856      3.9313      3.3318      3.8679
209      4.8746      6.8586      3.2915      4.0908     -0.8957      3.9237      3.4821      3.8613
210      4.4687      6.9897      2.5409      4.1672      0.3634      3.9955      3.6580      3.9403
211      4.6486      6.9757      2.8816      4.1632      0.7967      3.9866      3.5596      3.9288
212      4.6845      6.9465      2.8752      4.1517      0.9793      3.9649      3.5663      3.9111
213      4.7364      6.9162      2.7872      4.1319      1.0284      3.9537      3.6888      3.8897
214      4.4004      6.8958      2.5101      4.1210      1.0765      3.9405      3.4502      3.8783
215      4.4641      6.8638      2.5301      4.0967      1.2116      3.9189      3.4726      3.8692
216      2.4315      7.2760      1.7120      4.3378     -0.2315      4.1578      1.7111      4.1033
217      2.4477      7.2431      1.7355      4.3208     -0.3630      4.1348      1.6874      4.0861
218      2.3684      7.2141      1.8222      4.3113     -0.3651      4.1137      1.4682      4.0662
219      2.3893      7.1818      1.8359      4.2886     -0.4754      4.0914      1.4533      4.0555
220      2.2528      7.1517      1.7488      4.2745     -0.4273      4.0695      1.3543      4.0392
221      2.3157      7.1211      1.8492      4.2602     -0.2913      4.0504      1.3630      4.0193
222      2.7711      7.1052      2.2692      4.2457     -0.4594      4.0400      1.5226      4.0169
223      3.0287      7.0808      2.5691      4.2266     -0.6096      4.0254      1.4836      4.0088
224      3.3653      7.0757      2.8981      4.2280     -1.0691      4.0214      1.3354      4.0023
225      5.0723      7.4856      4.6903      4.4676      0.9225      4.2521      1.6966      4.2420
226      5.1320      7.4526      4.7425      4.4477      0.9636      4.2319      1.7080      4.2249
227      4.9918      7.4212      4.5665      4.4241      0.9732      4.2220      1.7660      4.2044
228      4.9302      7.3882      4.5139      4.4003      0.9766      4.2079      1.7258      4.1853
229      5.1936      7.4017      4.4444      4.4111      1.6560      4.2130      2.1163      4.1925
230      5.1143      7.3853      4.1680      4.4001      1.5499      4.2066      2.5262      4.1817
231      5.2211      7.3546      4.2287      4.3861      1.5728      4.1864      2.6278      4.1625
232      5.1602      7.3230      4.1744      4.3639      1.5261      4.1647      2.6216      4.1519
233      5.0645      7.2980      4.2051      4.3574      1.2669      4.1462      2.5223      4.1332
234      5.2669      7.2702      4.4706      4.3356      1.2447      4.1271      2.4909      4.1262
235      5.4662      7.2413      4.6607      4.3132      1.3552      4.1087      2.5142      4.1172
236      5.5079      7.2626      4.1682      4.3210      1.6910      4.1257      3.1786      4.1296
237      5.3220      7.2420      3.8184      4.3052      1.8371      4.1167      3.2201      4.1188
238      5.4097      7.2123      3.8069      4.2825      1.9023      4.1058      3.3396      4.1011
239      5.4418      7.1835      3.8142      4.2676      1.8139      4.0872      3.4314      4.0848
240      5.4617      7.1655      4.1334      4.2581      1.7041      4.0734      3.1371      4.0767
241      5.3430      7.1371      4.0356      4.2455      1.5650      4.0565      3.1325      4.0569
242      5.3445      7.1088      4.0180      4.2357      1.6215      4.0376      3.1289      4.0364
243      5.7749      7.0977      4.4025      4.2276      1.5405      4.0351      3.4051      4.0277
244      5.6845      7.0695      4.2349      4.2089      1.4849      4.0212      3.4890      4.0116
245      5.0072      7.1735      3.2834      4.2662      0.4209      4.0779      3.7569      4.0778
246      4.5863      7.1642      2.7608      4.2573      0.4742      4.0754      3.6315      4.0735
247      4.6035      7.1373      2.7203      4.2412      0.2897      4.0573      3.7025      4.0611
248      4.6062      7.1080      2.7225      4.2191      0.2750      4.0374      3.7053      4.0525
249      4.6493      7.1012      2.2987      4.2163     -0.0147      4.0303      4.0412      4.0505
250      4.7117      7.0737      2.4522      4.1973      0.0592      4.0199      4.0229      4.0324
251      4.8117      7.0471      2.5339      4.1825      0.0932      4.0008      4.0893      4.0202
252      4.8509      7.0236      2.4918      4.1751     -0.1238      3.9837      4.1602      4.0037
253      5.0063      7.0179      2.9325      4.1713      0.2693      3.9821      4.0486      3.9993
254      4.9851      6.9913      3.0212      4.1551      0.2571      3.9698      3.9569      3.9818
255      4.8623      6.9732      2.8930      4.1505     -0.0773      3.9567      3.9073      3.9678
256      5.1178      6.9529      3.0371      4.1415      0.0984      3.9452      4.1180      3.9528
257      5.1284      6.9254      3.0710      4.1232      0.0849      3.9293      4.1064      3.9396
258      5.2095      6.9045      3.1532      4.1118      0.3410      3.9136      4.1327      3.9304
259      4.9290      6.8884      3.0346      4.1074      0.4918      3.9028      3.8528      3.9175
260      5.0033      6.8668      3.0584      4.0982      0.7106      3.8866      3.8954      3.9053
261      5.1561      6.8417      3.1287      4.0831      0.7539      3.8756      4.0285      3.8881
262      5.2825      6.8177      3.2234      4.0721      0.8533      3.8599      4.0971      3.8731
263      4.9193      6.8515      2.3623      4.0880      1.2053      3.8771      4.1432      3.8987
264      4.8811      6.8251      2.3462      4.0679      1.2081      3.8697      4.1063      3.8806
265      4.8629      6.7993      2.2782      4.0485      1.2385      3.8532      4.1139      3.8722
266      4.7784      6.7756      2.2643      4.0411      1.1490      3.8359      4.0479      3.8553
267      4.7994      6.7514      2.3459      4.0228      1.0386      3.8191      4.0561      3.8488
268      4.7557      6.7272      2.3966      4.0127      0.9568      3.8027      3.9946      3.8331
269      5.1549      6.7535      3.2213      4.0241      1.3303      3.8174      3.7982      3.8526
270      5.0136      6.7342      2.9870      4.0119      1.4478      3.8094      3.7574      3.8396
271      5.0940      6.7124      3.1050      3.9995      1.3174      3.7992      3.8174      3.8244
272      4.9303      6.7022      2.7847      3.9915      1.5897      3.7952      3.7451      3.8188
273      4.6653      6.6990      2.3725      3.9855      1.8468      3.7936      3.5672      3.8213
274      4.7516      6.6768      2.3940      3.9789      1.9887      3.7775      3.5906      3.8050
275      4.6401      6.6582      2.1691      3.9660      2.1101      3.7717      3.5175      3.7915
276      4.6328      6.6334      2.1721      3.9498      2.0894      3.7553      3.5184      3.7814
277      4.6726      6.6095      2.2327      3.9318      2.1056      3.7388      3.5235      3.7746
278      4.6442      6.5866      2.3117      3.9197      2.0621      3.7250      3.4602      3.7608
279      4.6768      6.5677      2.3410      3.9142      2.2613      3.7112      3.3584      3.7471
280      4.7411      6.5459      2.4524      3.8984      2.1869      3.7027      3.4178      3.7336
281      4.3238      6.5407      2.1828      3.8992      1.7977      3.6983      3.2709      3.7282
282      4.4196      6.5205      2.0839      3.8912      1.8467      3.6848      3.4322      3.7146
283      4.4054      6.4975      2.0152      3.8741      1.8742      3.6715      3.4400      3.7054
284      4.4114      6.4750      2.0234      3.8593      1.8732      3.6567      3.4435      3.6959
285      4.3879      6.4549      2.1722      3.8473      1.7994      3.6478      3.3612      3.6821
286      4.4867      6.4512      1.7909      3.8415      2.0695      3.6441      3.5554      3.6852
287      4.5036      6.4381      2.1014      3.8323      1.9214      3.6410      3.4893      3.6751
288      4.6018      6.4183      2.0940      3.8197      2.0719      3.6275      3.5354      3.6669
289      4.7593      6.3984      2.2192      3.8089      2.1328      3.6148      3.6301      3.6559
290      4.8633      6.3825      2.2118      3.8038      2.3795      3.6025      3.6190      3.6455
291      4.8584      6.3617      2.2045      3.7955      2.4355      3.5877      3.5795      3.6324
292      4.8718      6.3445      2.0879      3.7883      2.5972      3.5773      3.5539      3.6200
293      4.8098      6.3267      1.9132      3.7751      2.7091      3.5706      3.4835      3.6093
294      4.5996      6.3136      1.5930      3.7644      2.6803      3.5646      3.3815      3.6033
295      4.5927      6.3341      2.1984      3.7737      2.8204      3.5800      2.8819      3.6144
296      4.5970      6.3143      2.2181      3.7651      2.7337      3.5682      2.9562      3.6004
297      4.5898      6.2925      2.2034      3.7486      2.7333      3.5619      2.9564      3.5856
298      4.7035      6.2728      2.2318      3.7368      2.8910      3.5485      2.9638      3.5768
299      5.1104      6.2798      2.0772      3.7455      3.3689      3.5498      3.2329      3.5785
300      5.1007      6.2625      2.2612      3.7359      3.3876      3.5378      3.0705      3.5701
301      5.1143      6.2414      2.2661      3.7197      3.4150      3.5247      3.0591      3.5629
302      5.1141      6.2202      2.2782      3.7036      3.4094      3.5114      3.0561      3.5559
303      4.9823      6.2021      2.3269      3.6956      3.2788      3.4988      2.9425      3.5449
304      5.0304      6.1825      2.4341      3.6816      3.2591      3.4917      2.9596      3.5323
305      4.9185      6.1668      2.1640      3.6692      3.2236      3.4863      3.0194      3.5231
306      4.8822      6.1476      2.1831      3.6623      3.1805      3.4738      2.9924      3.5090
307      4.8976      6.1268      2.1832      3.6502      3.1916      3.4622      3.0056      3.4966
308      4.7506      6.1085      2.0373      3.6380      3.1241      3.4553      2.9423      3.4842
309      4.9131      6.0921      2.0303      3.6328      3.2026      3.4439      3.1241      3.4722
310      4.8048      6.0791      1.8693      3.6271      2.9902      3.4366      3.2635      3.4626
311      4.8044      6.0599      1.9015      3.6134      2.9345      3.4240      3.2948      3.4557
312      4.8937      6.0490      2.2250      3.6036      2.8469      3.4157      3.3004      3.4550
313      5.0306      6.0472      2.1606      3.6037      2.6437      3.4152      3.6946      3.4522
314      5.0832      6.0332      2.0205      3.5986      2.5512      3.4057      3.9048      3.4425
315      5.1761      6.0297      1.6602      3.5953      2.7508      3.4072      4.0582      3.4383
316      5.1198      6.0105      1.6371      3.5859      2.7068      3.3963      4.0256      3.4254
317      5.5654      6.0350      1.3012      3.6026      3.2433      3.4102      4.3314      3.4370
318      5.5649      6.0173      1.2716      3.5940      3.1555      3.3985      4.4039      3.4265
319      5.5171      6.0148      1.6436      3.5921      2.9305      3.3997      4.3759      3.4229
320      5.5797      5.9973      1.5541      3.5795      2.9829      3.3937      4.4519      3.4113
321      5.5726      5.9782      1.5265      3.5650      2.9827      3.3824      4.4527      3.4043
322      5.3495      5.9643      1.4648      3.5536      2.7913      3.3747      4.3221      3.3994
323      5.3280      5.9479      1.2878      3.5414      2.7430      3.3634      4.3823      3.3946
324      5.3471      5.9393      1.2741      3.5408      3.0161      3.3558      4.2275      3.3877
325      5.5105      5.9247      1.2901      3.5292      3.0015      3.3528      4.4376      3.3771
326      5.4659      5.9202      1.4643      3.5291      2.6885      3.3501      4.5281      3.3721
327      5.4026      5.9033      1.3764      3.5163      2.5832      3.3387      4.5410      3.3671
328      5.3688      5.8889      1.1562      3.5052      2.6180      3.3354      4.5424      3.3568
329      5.3592      5.8728      1.3153      3.4932      2.6080      3.3246      4.4932      3.3516
330      5.2976      5.8564      1.2051      3.4849      2.4950      3.3161      4.5153      3.3402
331      5.1451      5.9101      1.9453      3.5163      2.0155      3.3465      4.3157      3.3713
332      5.1914      5.8935      1.8988      3.5054      1.9662      3.3385      4.4135      3.3615
333      5.1922      5.8763      1.9012      3.4968      1.9180      3.3265      4.4346      3.3522
334      5.3827      5.8787      1.9630      3.5029      2.3807      3.3255      4.4105      3.3512
335      5.5076      5.8631      2.0887      3.4921      2.3776      3.3175      4.5076      3.3428
336      5.8508      5.8616      2.1657      3.4956      2.7458      3.3142      4.6906      3.3400
337      5.9866      5.8712      2.7513      3.4986      2.6709      3.3233      4.5974      3.3446
338      5.7084      5.8611      2.5137      3.4898      2.5704      3.3206      4.4339      3.3388
339      5.7028      5.8433      2.5250      3.4789      2.5788      3.3128      4.4155      3.3267
340      5.9499      5.8453      2.7682      3.4830      2.9956      3.3125      4.3318      3.3262
341      6.3787      5.8450      3.0161      3.4846      3.2844      3.3100      4.5611      3.3266
342      6.3297      5.8278      2.9550      3.4719      3.2738      3.3041      4.5405      3.3154
343      6.3114      5.8133      2.7807      3.4607      3.3112      3.3000      4.5976      3.3057
344      6.3616      5.7968      2.8258      3.4506      3.3391      3.2886      4.6190      3.2987
345      6.3849      5.7803      2.8191      3.4451      3.3344      3.2770      4.6584      3.2870
346      6.3964      5.7683      2.7889      3.4395      3.1682      3.2693      4.8061      3.2795
347      6.4019      5.7607      2.6179      3.4343      3.4085      3.2628      4.7448      3.2781
348      6.6721      5.7639      2.8317      3.4382      3.8330      3.2633      4.6697      3.2791
349      6.6716      5.7501      2.8762      3.4316      3.9454      3.2544      4.5466      3.2706
350      6.6323      5.7341      2.8337      3.4213      3.9367      3.2433      4.5233      3.2643
351      6.6760      5.7178      2.8986      3.4100      3.9705      3.2364      4.5168      3.2543
352      6.5076      5.7043      2.7371      3.3993      3.8853      3.2296      4.4455      3.2486
353      6.5264      5.6895      2.6333      3.3892      3.9312      3.2246      4.4951      3.2380
354      6.3156      5.6868      2.7162      3.3873      3.5762      3.2213      4.4407      3.2386
355      6.3530      5.6723      2.8404      3.3768      3.5205      3.2157      4.4608      3.2298
356      6.4161      5.6569      2.9518      3.3650      3.5360      3.2085      4.4665      3.2223
357      6.2880      5.6441      2.9713      3.3553      3.5153      3.2054      4.2840      3.2130
358      6.3346      5.6308      3.1089      3.3467      3.4449      3.2007      4.3122      3.2032
359      6.2566      5.6509      3.4288      3.3582      3.6298      3.2133      3.7700      3.2141
360      6.3131      5.6378      3.3528      3.3482      3.6287      3.2101      3.9301      3.2046
361      6.3279      5.6247      3.2584      3.3420      3.7339      3.2033      3.9349      3.1948
362      6.4385      5.6221      3.6336      3.3384      3.6284      3.2045      3.8841      3.1928
363      6.6213      5.6097      3.7854      3.3301      3.6743      3.1996      4.0015      3.1847
364      6.5671      5.5965      3.8113      3.3235      3.6947      3.1927      3.8665      3.1751
365      5.8622      5.7045      2.8119      3.3858      2.9678      3.2525      4.2013      3.2401
366      6.1606      5.7186      2.9121      3.3965      3.5361      3.2583      4.1193      3.2479
367      5.9841      5.7056      2.7705      3.3863      3.4438      3.2523      4.0341      3.2418
368      6.0253      5.6902      2.7411      3.3790      3.4589      3.2426      4.1019      3.2321
369      6.3353      5.6835      2.8605      3.3780      3.6445      3.2377      4.3211      3.2264
370      6.5073      5.6980      3.4285      3.3849      3.4757      3.2494      4.3022      3.2329
371      6.7037      5.6921      3.7789      3.3792      3.5623      3.2493      4.2390      3.2285
372      6.6434      5.6812      3.6590      3.3710      3.7004      3.2421      4.1296      3.2252
373      6.9178      5.6723      3.8500      3.3651      3.8923      3.2385      4.2288      3.2192
374      6.8876      5.6605      3.6721      3.3568      3.9576      3.2351      4.2769      3.2105
375      6.2280      5.7967      2.6111      3.4361      3.1269      3.3111      4.7109      3.2912
376      5.8916      5.9334      2.3772      3.5151      1.8854      3.3876      5.0503      3.3724
377      5.9382      5.9216      2.4632      3.5099      1.7257      3.3787      5.1203      3.3661
378      5.9513      5.9085      2.5064      3.5002      1.5655      3.3694      5.1658      3.3625
379      6.2326      5.9448      2.7330      3.5211      2.3138      3.3881      5.1012      3.3859
380      5.9589      5.9432      2.3002      3.5177      2.2799      3.3897      5.0019      3.3849
381      5.9721      5.9274      2.1939      3.5059      2.2720      3.3849      5.0685      3.3742
382      5.9482      5.9136      2.0929      3.4974      2.3388      3.3770      5.0528      3.3667
383      5.8889      5.9030      1.9837      3.4941      2.1215      3.3693      5.1228      3.3593
384      5.8529      5.8880      1.9161      3.4835      2.0656      3.3600      5.1302      3.3533
385      5.8804      5.8750      2.0814      3.4738      2.0286      3.3565      5.1119      3.3440
386      5.7067      5.8626      1.9538      3.4641      1.9831      3.3535      4.9815      3.3353
387      5.7798      5.8518      2.1557      3.4558      2.1174      3.3484      4.9271      3.3300
388      6.0284      5.8430      2.1614      3.4539      2.2615      3.3418      5.1532      3.3232
389      6.1040      5.8314      2.0584      3.4499      2.1765      3.3336      5.3183      3.3152
390      5.9634      5.8194      2.0831      3.4424      2.0590      3.3274      5.1945      3.3081
391      6.0434      5.8053      2.0490      3.4327      2.0422      3.3225      5.3059      3.2983
392      6.2753      5.8080      2.0235      3.4382      2.4692      3.3219      5.4025      3.2980
393      6.2440      5.7961      2.0985      3.4310      2.3042      3.3140      5.4106      3.2925
394      6.2834      5.7875      2.3407      3.4255      2.4371      3.3110      5.2975      3.2862
395      6.2481      5.7948      2.8068      3.4275      2.3473      3.3190      5.0646      3.2887
396      6.2879      5.7821      2.9457      3.4183      2.2953      3.3127      5.0589      3.2823
397      6.2351      5.7698      2.8043      3.4098      2.3530      3.3070      5.0474      3.2753
398      6.0388      5.7609      2.5599      3.4025      2.2967      3.3028      4.9638      3.2715
399      6.1333      5.7490      2.7454      3.3932      2.3334      3.2976      4.9634      3.2654
400      6.1140      5.7344      2.7063      3.3828      2.3016      3.2874      4.9759      3.2608
401      6.1250      5.7202      2.6997      3.3773      2.2855      3.2780      5.0003      3.2509
402      6.0121      5.7091      2.5630      3.3718      2.1243      3.2717      5.0064      3.2436
403      6.0702      5.6977      2.6364      3.3674      2.0125      3.2648      5.0839      3.2350
404      6.0700      5.6837      2.7074      3.3596      1.9572      3.2581      5.0680      3.2252
405      6.2176      5.6749      2.8619      3.3561      2.1633      3.2526      5.0782      3.2190
406      6.8600      5.7676      3.2819      3.4094      3.2026      3.3041      5.1021      3.2747
407      6.7149      5.7703      2.9304      3.4091      3.4193      3.3072      4.9811      3.2768
408      6.6073      5.7661      2.5926      3.4043      3.3187      3.3065      5.0913      3.2750
409      6.6332      5.7635      2.8435      3.4037      3.0847      3.3060      5.1379      3.2715
410      6.6673      5.7554      2.6112      3.3984      3.1325      3.3016      5.2746      3.2672
411      6.7235      5.7416      2.6865      3.3885      3.1827      3.2936      5.2781      3.2612
412      6.3812      5.7428      2.3157      3.3870      3.0330      3.2973      5.1145      3.2611
413      6.4585      5.7529      2.6105      3.3944      2.6669      3.3037      5.2711      3.2649
414      6.1756      5.7490      2.4832      3.3911      2.6859      3.3044      4.9757      3.2608
415      6.1044      5.7356      2.4587      3.3810      2.6016      3.2957      4.9448      3.2564
416      5.9642      5.7327      2.1437      3.3791      2.3883      3.2952      5.0272      3.2538
417      5.9221      5.7192      2.0875      3.3689      2.4015      3.2905      4.9947      3.2454
418      5.8813      5.7072      1.9363      3.3600      2.3527      3.2870      5.0304      3.2371
419      5.8696      5.6955      1.9845      3.3512      2.4720      3.2808      4.9399      3.2319
420      5.8879      5.6828      2.0231      3.3455      2.4196      3.2718      4.9719      3.2245
421      5.8753      5.6697      2.0220      3.3403      2.3887      3.2621      4.9724      3.2167
422      5.8733      5.6559      2.0422      3.3309      2.3887      3.2537      4.9618      3.2105
423      5.8945      5.6412      2.0341      3.3236      2.4245      3.2435      4.9729      3.2026
424      5.9878      5.6293      1.9956      3.3152      2.3690      3.2394      5.1244      3.1946
425      5.7002      5.6520      1.8689      3.3283      1.7577      3.2508      5.0902      3.2094
426      5.6912      5.6388      1.8893      3.3191      1.6521      3.2414      5.1079      3.2052
427      5.6285      5.6538      2.2654      3.3258      1.2752      3.2487      4.9922      3.2171
428      5.4370      5.6672      2.5318      3.3321      0.9060      3.2571      4.7255      3.2259
429      5.3971      5.7471      3.0279      3.3797      0.0868      3.3028      4.4669      3.2709
430      5.4158      5.7360      3.1285      3.3739     -0.0068      3.2976      4.4208      3.2626
431      5.5300      5.7246      3.2051      3.3694      0.0829      3.2897      4.5057      3.2550
432      5.4947      5.7136      3.2979      3.3617      0.1755      3.2837      4.3914      3.2499
433      5.5788      5.7048      3.5160      3.3547      0.1348      3.2822      4.3292      3.2431
434      5.6516      5.7142      3.8193      3.3582     -0.2228      3.2870      4.1599      3.2511
435      5.5209      5.7085      3.6274      3.3530     -0.0130      3.2820      4.1619      3.2515
436      5.5265      5.6952      3.6391      3.3436     -0.0031      3.2740      4.1592      3.2459
437      5.5982      5.7197      3.7716      3.3614     -0.6053      3.2865      4.0925      3.2581
438      5.2452      5.7237      3.6362      3.3626     -0.7293      3.2909      3.7092      3.2594
439      5.2882      5.7374      3.8153      3.3724     -0.1773      3.2971      3.6575      3.2671
440      5.4113      5.7269      3.9995      3.3641     -0.1593      3.2898      3.6415      3.2645
441      5.2968      5.7153      3.8629      3.3557     -0.1846      3.2822      3.6194      3.2606
442      5.3125      5.7030      3.9059      3.3510     -0.1020      3.2742      3.5995      3.2519
443      6.1746      5.8187      3.9580      3.4215     -0.4981      3.3394      4.7129      3.3165
444      6.1650      5.8458      3.6224      3.4397      0.0207      3.3547      4.9885      3.3299
445      6.2367      5.8343      3.7463      3.4321      0.1082      3.3483      4.9850      3.3240
446      6.3339      5.8540      3.7242      3.4473      0.7199      3.3577      5.0725      3.3333
447      6.1096      5.8470      3.6685      3.4411      0.5969      3.3561      4.8491      3.3289
448      6.0400      5.8414      3.5722      3.4411      0.3113      3.3514      4.8605      3.3240
449      5.9273      5.8413      3.1895      3.4396      0.1884      3.3536      4.9924      3.3230
450      6.1398      5.8355      3.3582      3.4380      0.3878      3.3499      5.1254      3.3183
451      6.1419      5.8270      3.4633      3.4341      0.2117      3.3448      5.0679      3.3125
452      6.3205      5.8226      3.6688      3.4324      0.4544      3.3412      5.1266      3.3102
453      6.5209      5.8206      3.9253      3.4295      0.2351      3.3384      5.2019      3.3125
454      6.3509      5.8110      3.7839      3.4222      0.1520      3.3334      5.0983      3.3083
455      6.2443      5.8082      3.4650      3.4194     -0.0133      3.3343      5.1947      3.3054
456      6.2244      5.7961      3.4627      3.4158     -0.0675      3.3254      5.1718      3.2967
457      6.2550      5.7836      3.4727      3.4112     -0.0575      3.3168      5.2022      3.2882
458      6.2598      5.7722      3.3905      3.4042     -0.1476      3.3112      5.2600      3.2812
459      6.1712      5.7612      3.2933      3.3965     -0.2271      3.3033      5.2141      3.2777
460      6.0908      5.7780      3.2303      3.4070      0.3416      3.3110      5.1523      3.2886
461      5.9699      5.7814      3.2759      3.4078     -0.0416      3.3121      4.9906      3.2926
462      5.7970      5.7750      3.0074      3.4022     -0.0191      3.3119      4.9558      3.2873
463      5.8800      5.7635      3.0038      3.3953     -0.0767      3.3061      5.0543      3.2803
464      5.7736      5.7527      3.0311      3.3896     -0.0693      3.3007      4.9135      3.2726
465      5.7797      5.7403      3.0379      3.3810     -0.0695      3.2934      4.9164      3.2670
466      5.7416      5.7285      3.0351      3.3742     -0.1588      3.2857      4.8712      3.2610
467      5.7397      5.7166      2.9642      3.3652     -0.1529      3.2821      4.9127      3.2531
468      5.6231      5.7079      2.8612      3.3619     -0.0234      3.2764      4.8407      3.2470
469      5.7537      5.7011      3.0252      3.3587     -0.1821      3.2734      4.8907      3.2414
470      5.7647      5.6893      3.0239      3.3551     -0.1561      3.2648      4.9055      3.2330
471      5.8429      5.6903      2.7583      3.3548     -0.3712      3.2673      5.1375      3.2326
472      5.8521      5.6782      2.7891      3.3466     -0.3491      3.2607      5.1329      3.2265
473      5.7351      5.6686      2.6486      3.3397     -0.4011      3.2542      5.0711      3.2233
474      5.8441      5.6613      2.8154      3.3359     -0.2299      3.2508      5.1161      3.2179
475      5.8494      5.6495      2.8310      3.3271     -0.1842      3.2424      5.1154      3.2146
476      5.8904      5.6411      2.6679      3.3208     -0.1687      3.2405      5.2488      3.2084
477      5.9748      5.6331      2.6577      3.3193      0.0044      3.2341      5.3512      3.2023
478      6.0606      5.6284      2.9527      3.3146      0.0320      3.2344      5.2925      3.1986
479      6.0296      5.6167      2.8943      3.3059     -0.0014      3.2265      5.2895      3.1951
480      5.3529      5.6637      2.3692      3.3318      0.2691      3.2549      4.7925      3.2221
481      5.3510      5.6517      2.3887      3.3248      0.2568      3.2469      4.7813      3.2163
482      5.3152      5.6401      2.3534      3.3162      0.2364      3.2410      4.7599      3.2107
483      5.3142      5.6286      2.3633      3.3116      0.2178      3.2336      4.7548      3.2027
484      5.3804      5.6289      2.5392      3.3120     -0.0982      3.2330      4.7425      3.2037
485      5.3622      5.6188      2.5552      3.3092      0.0224      3.2255      4.7142      3.1963
486      5.3658      5.6073      2.5792      3.3029      0.0021      3.2189      4.7053      3.1893
487      5.3335      5.5960      2.5213      3.2945     -0.0025      3.2134      4.7000      3.1837
488      5.3696      5.5856      2.4432      3.2874     -0.0554      3.2096      4.7813      3.1765
489      5.4192      5.5747      2.5316      3.2796     -0.0310      3.2056      4.7914      3.1695
490      5.2176      5.6125      1.8656      3.3011      0.2939      3.2291      4.8638      3.1901
491      5.2715      5.6196      2.1297      3.3067      0.6738      3.2325      4.7748      3.1933
492      5.2001      5.6099      2.1387      3.3030      0.5739      3.2257      4.7051      3.1869
493      5.5075      5.6269      2.7261      3.3113      0.5908      3.2350      4.7489      3.1987
494      5.5926      5.6198      2.9572      3.3053      0.5944      3.2336      4.7095      3.1940
495      5.5237      5.6102      2.8272      3.2992      0.5109      3.2295      4.7177      3.1875
496      5.5296      5.5990      2.7743      3.2913      0.5055      3.2252      4.7565      3.1803
497      5.5633      5.5889      2.8366      3.2837      0.4015      3.2181      4.7689      3.1776
498      5.5317      5.5779      2.8440      3.2757      0.3989      3.2147      4.7278      3.1699
499      5.5631      5.5761      2.8322      3.2767      0.7153      3.2119      4.7345      3.1686
500      5.5676      5.5656      2.7718      3.2695      0.6606      3.2073      4.7832      3.1622
501      5.5915      5.5551      2.8636      3.2617      0.6294      3.2001      4.7612      3.1591
502      6.0551      5.5912      3.6069      3.2811      0.6413      3.2226      4.8211      3.1796
503      6.0656      5.5804      3.6064      3.2732      0.5694      3.2153      4.8437      3.1763
504      6.1378      5.5762      3.5016      3.2722      0.7743      3.2127      4.9811      3.1726
505      5.9592      5.5724      3.5674      3.2728      0.7768      3.2090      4.7098      3.1690
506      5.9703      5.5617      3.5808      3.2689      0.7300      3.2019      4.7212      3.1615
507      5.9444      5.5520      3.5653      3.2644      0.6245      3.1946      4.7153      3.1565
508      5.9452      5.5414      3.5666      3.2594      0.6459      3.1867      4.7124      3.1508
509      5.9490      5.5314      3.5271      3.2555      0.7144      3.1805      4.7371      3.1436
510      5.9489      5.5204      3.5310      3.2476      0.7004      3.1727      4.7362      3.1403
511      6.0571      5.5110      3.5652      3.2405      0.7775      3.1690      4.8346      3.1348
512      6.4225      5.6270      4.2862      3.3096      1.7336      3.2346      4.4577      3.2011
513      6.3453      5.6409      3.9886      3.3166      2.1576      3.2417      4.4384      3.2112
514      6.3145      5.6364      3.7740      3.3141      2.3038      3.2403      4.5081      3.2072
515      6.6018      5.6415      4.1868      3.3159      2.4844      3.2451      4.4590      3.2094
516      6.5846      5.6305      4.1829      3.3077      2.4552      3.2375      4.4534      3.2062
517      6.2486      5.6589      4.1586      3.3253      1.8191      3.2523      4.2944      3.2231
518      6.4141      5.6565      4.4312      3.3222      1.9836      3.2510      4.1917      3.2234
519      6.5476      5.6532      4.6865      3.3190      1.8384      3.2490      4.1866      3.2228
520      6.5880      5.6431      4.7500      3.3129      1.7721      3.2440      4.2070      3.2165
521      6.5342      5.6326      4.6982      3.3054      1.7658      3.2389      4.1839      3.2109
522      6.5170      5.6224      4.6863      3.3022      1.8042      3.2316      4.1539      3.2037
523      6.4143      5.6141      4.5354      3.2964      1.8607      3.2277      4.1366      3.1991
524      6.4225      5.6037      4.5558      3.2914      1.8337      3.2218      4.1390      3.1918
525      6.3674      5.5971      4.3978      3.2869      1.9633      3.2183      4.1651      3.1885
526      6.4333      5.5873      4.4202      3.2809      2.0347      3.2116      4.2082      3.1843
527      6.2125      5.5863      4.1161      3.2793      2.1137      3.2117      4.1455      3.1840
528      6.6471      5.6050      4.4464      3.2893      2.6061      3.2210      4.1978      3.1972
529      6.7392      5.5979      4.5174      3.2875      2.7883      3.2157      4.1515      3.1918
530      7.1609      5.6061      4.9523      3.2910      2.9708      3.2228      4.2342      3.1955
531      7.1409      5.5959      4.9255      3.2874      2.9108      3.2156      4.2730      3.1887
532      6.9162      5.5958      4.6215      3.2859      3.0071      3.2180      4.1753      3.1874
533      6.7427      5.5941      4.6781      3.2860      2.8933      3.2174      3.8998      3.1850
534      7.0585      5.6136      4.5625      3.2990      3.0602      3.2280      4.4319      3.1951
535      6.8431      5.6334      4.6902      3.3127      2.5237      3.2383      4.2967      3.2055
536      6.8428      5.6228      4.6847      3.3048      2.5146      3.2334      4.3074      3.1999
537      6.8032      5.6125      4.6503      3.2987      2.5153      3.2264      4.2816      3.1952
538      7.1243      5.6268      4.8996      3.3090      2.9988      3.2338      4.2138      3.2022
539      6.8669      5.6265      4.6502      3.3087      2.7387      3.2333      4.2461      3.2025
540      6.9273      5.6246      4.9092      3.3074      2.5922      3.2322      4.1435      3.2015
541      7.1643      5.6384      4.7395      3.3180      2.7966      3.2387      4.5872      3.2083
542      7.1651      5.6282      4.7160      3.3114      2.8108      3.2348      4.6040      3.2012
543      7.2171      5.6253      4.9693      3.3086      2.7536      3.2356      4.4508      3.1982
544      7.1522      5.6159      4.9344      3.3015      2.6423      3.2289      4.4524      3.1957
545      7.1535      5.6056      4.9275      3.2939      2.6144      3.2237      4.4785      3.1907
546      6.9821      5.6012      4.9441      3.2918      2.4651      3.2212      4.2696      3.1878
547      6.9945      5.5921      4.9936      3.2864      2.3712      3.2154      4.2854      3.1830
548      6.9061      5.5834      4.8865      3.2805      2.4137      3.2127      4.2415      3.1767
549      6.8270      5.5774      4.7210      3.2762      2.2994      3.2110      4.3627      3.1723
550      6.7155      5.5703      4.5311      3.2709      2.2384      3.2057      4.4223      3.1706
551      6.7295      5.5602      4.5469      3.2652      2.2540      3.2004      4.4195      3.1642
552      6.6840      5.5603      4.5993      3.2667      1.9286      3.1993      4.4500      3.1640
553      6.6942      5.5522      4.5610      3.2627      2.0550      3.1933      4.4482      3.1598
554      6.6410      5.5427      4.4851      3.2559      2.0677      3.1898      4.4397      3.1538
555      6.6333      5.5327      4.4486      3.2490      2.0587      3.1861      4.4690      3.1470
556      6.6545      5.5240      4.4645      3.2455      2.1640      3.1798      4.4349      3.1417
557      6.4797      5.5195      4.4359      3.2418      1.9647      3.1773      4.2952      3.1401
558      6.6135      5.5137      4.5399      3.2391      2.1658      3.1732      4.2940      3.1369
559      6.7553      5.5063      4.6989      3.2338      2.2388      3.1694      4.3061      3.1331
560      6.6990      5.4974      4.6418      3.2299      2.1390      3.1633      4.3307      3.1277
561      6.7424      5.5040      4.5527      3.2326      2.5408      3.1657      4.2751      3.1340
562      6.6768      5.4963      4.5239      3.2292      2.3844      3.1600      4.2929      3.1298
563      6.8774      5.4940      4.7106      3.2288      2.6170      3.1587      4.2733      3.1276
564      7.3036      5.5851      4.4931      3.2849      3.6084      3.2098      4.4871      3.1780
565      6.9615      5.5858      4.2452      3.2839      3.4327      3.2118      4.3194      3.1784
