## This list was generated at 2016-10-26 00:15:28
##format:
##soure  Num_ave    R.A.                 Decl.            
##                mean  Std  AStd WAd | mean  Std  AStd WAd
## Num_ave: Number of one-year average points
## unit: deg for mean while mas for the others
0002-478    7       1.1486       0.5232       0.1487       0.0347     -47.6054       1.3655       1.1532       0.3679
0003+380    3       1.4882       0.7233       0.1569       0.1029      38.3375       0.3332       0.0914       0.0737
0003-066   22       1.5579       0.3068       0.1815       0.0529      -6.3931       0.6777       0.7076       0.1245
0007+106    9       2.6292       0.3247       0.0376       0.0558      10.9749       0.7859       0.3175       0.5197
0007+171    2       2.6416       0.7622       0.4215       0.4215      17.4052       0.9661       0.0323       0.0323
0008-264   11       2.7552       0.4457       0.2334       0.1803     -26.2093       0.8215       0.2999       0.3139
0010+405    8       3.3797       0.1980       0.1141       0.0293      40.8603       0.3834       0.2739       0.0845
0013-005    9       4.0462       0.2975       0.3184       0.0786      -0.2535       0.7581       0.4180       0.5655
0016+731   21       4.9408       0.2694       0.4835       0.0587      73.4583       0.2621       0.7553       0.0633
0017+200    2       4.9077       0.2159       0.4835       0.0000      20.3627       0.2408       0.7553       0.0000
0019+058    9       5.6352       0.3149       0.0585       0.0446       6.1345       0.5439       0.1749       0.0687
0025+197    4       7.1242       0.3771       0.2473       0.1887      20.0074       0.8248       0.1548       0.1668
0035+413    9       9.6035       0.3231       0.1470       0.0376      41.6183       0.5270       0.3030       0.0341
0035-252    6       9.5614       0.3926       0.1390       0.1389     -24.9840       0.6140       0.1664       0.1797
0046+316    3      12.1964       0.2421       0.0333       0.0349      31.9570       0.5924       0.4992       0.2965
0047+023    1      12.4301       0.6697       0.0333       0.0000       2.6177       6.2980       0.4992       0.0000
0047-579    5      12.4978       0.7606       0.1553       0.1684     -57.6409       1.0714       0.2464       0.4683
0048-097   27      12.6722       0.3679       0.1430       0.0530      -9.4848       0.6543       0.3483       0.1109
0048-427   11      12.7896       0.6317       0.2674       0.2751     -42.4426       1.1591       0.6544       0.7793
0054+161    5      14.2304       0.2784       0.1582       0.1175      16.4204       0.4491       0.1623       0.0883
0055+300    5      14.4537       0.5517       0.4926       0.1929      30.3524       0.8021       0.3527       0.2960
0055-059    7      14.5211       0.7134       0.3802       0.3384      -5.6645       0.8023       0.5470       0.3618
0059+581   23      15.6907       0.3088       0.0399       0.0363      58.4031       0.4113       0.1050       0.0631
0104-408   24      16.6879       0.7773       0.2295       0.1168     -40.5722       1.0915       0.3581       0.2036
0107-610    8      17.3145       0.4846       0.1884       0.1972     -60.8301       0.6630       0.2318       0.1694
0109+224    9      18.0243       0.5229       0.1336       0.1237      22.7441       0.7167       0.0878       0.0207
0110+495    8      18.3625       0.3380       0.1012       0.1100      49.8067       0.4002       0.0619       0.0990
0111+021   20      18.4298       0.2558       0.2832       0.1312       2.3715       0.3798       0.4121       0.2872
0113-118    1      19.0522       0.3741       0.2832       0.0000     -11.6043       1.0870       0.4121       0.0000
0115-214    6      19.4533       0.8480       0.5744       0.2151     -21.1852       0.7346       0.3422       0.3633
0116-219    7      19.7386       0.4536       0.2398       0.1042     -21.6917       1.0772       0.7645       0.6536
0118-272    3      20.1319       0.8019       0.1211       0.1643     -27.0235       1.3902       0.5666       0.5588
0119+041   27      20.4869       0.4926       0.2899       0.0987       4.3735       0.9704       0.4056       0.1853
0119+115   22      20.4233       0.2713       0.0583       0.0514      11.8307       0.5907       0.4678       0.0927
0123+257    3      21.6783       0.3158       0.0298       0.0301      25.9837       0.4994       0.0505       0.0724
0131-522    8      23.2740       0.8370       0.3092       0.2724     -52.0011       0.7964       0.3812       0.2263
0133+476   25      24.2441       0.2583       0.0533       0.0323      47.8581       0.3027       0.1171       0.0467
0134+311    7      24.2864       0.3433       0.0502       0.0420      31.3766       0.6598       0.1521       0.1248
0135-247    6      24.4098       1.8291       0.9055       1.9463     -24.5150       0.8229       1.2827       0.8298
0138-097    8      25.3576       0.4208       0.2687       0.0463      -9.4788       0.6311       0.3518       0.2216
0146+056    7      27.3432       0.3957       0.1311       0.1600       5.9315       0.6093       0.1551       0.2159
0149+218    9      28.0752       0.2948       0.0689       0.0729      22.1188       0.4139       0.4808       0.1247
0150-334    4      28.2922       0.9983       0.3861       0.4602     -33.1739       1.1264       0.2922       0.1000
0151+474    7      28.7345       0.2780       0.0576       0.0590      47.7240       0.3324       0.1231       0.1171
0159+723   11      30.8891       0.3129       0.1930       0.2274      72.5482       0.3582       0.3588       0.1903
0201+113   26      30.9444       0.3083       0.1989       0.0677      11.5793       0.5628       0.5543       0.1168
0202+319   12      31.2705       0.2476       0.1826       0.0439      32.2084       0.3082       0.1770       0.0609
0202-172    5      31.2403       0.3201       0.1038       0.0985     -17.0222       0.5788       0.0937       0.0368
0206+136    3      32.4000       0.2447       0.1046       0.1124      13.8669       0.4132       0.1269       0.1256
0208-512   25      32.6925       0.6285       1.4178       0.1133     -51.0172       0.8138       0.5563       0.1872
0215+015   14      34.4540       0.2150       0.1218       0.0690       1.7471       0.3638       0.2645       0.0774
0219+428    2      35.6650       0.3818       0.0016       0.0016      43.0355       0.2454       0.0296       0.0296
0220-349   10      35.7350       0.5703       1.5725       0.3522     -34.6913       0.9755       0.8181       0.2396
0221+067   10      36.1185       0.3257       0.3926       0.0994       6.9898       1.2099       0.7864       0.0971
0224+671    8      37.2085       0.7173       0.1311       0.1154      67.3508       0.4763       0.0535       0.1016
0227-369    2      37.3685       1.4406       0.1311       0.0000     -36.7325       0.7518       0.0535       0.0000
0229+131   31      37.9412       0.4117       0.0730       0.0693      13.3819       0.6220       0.1711       0.1072
0230-790   10      37.3956       0.5154       0.4385       0.1283     -78.7960       0.4909       0.2575       0.2953
0234+285   33      39.4684       0.5224       0.5703       0.1171      28.8025       0.7334       0.2647       0.1146
0234-301    5      39.1299       0.6117       0.5245       0.4360     -29.8988       1.1027       0.4983       0.2967
0235-618    4      39.2219       0.8772       0.3282       0.3016     -61.6042       0.7421       0.3895       0.4080
0237+040    3      39.9636       0.3139       0.0224       0.0219       4.2726       0.6604       0.0056       0.0055
0237-027    9      39.9395       0.3789       0.2008       0.0989      -2.5780       0.6411       0.0989       0.1641
0238-084   11      40.2700       0.5821       0.2618       0.2554      -8.2558       0.7601       0.1866       0.1611
0239+108   13      40.6215       0.3860       0.7893       0.0493      11.0169       0.6386       0.8632       0.1035
0239+175    3      40.6011       0.8191       0.1614       0.1614      17.7163       1.0416       0.1472       0.1472
0241+622    2      41.2404       0.8002       0.1614       0.0000      62.4685       1.2659       0.1472       0.0000
0252-549    4      43.3716       0.6979       0.3137       0.3129     -54.6976       0.7066       0.2412       0.2903
0256+075    6      44.8628       0.3043       0.1957       0.0764       7.7943       0.7362       0.3389       0.0911
0256-005    6      44.8688       0.2631       0.1345       0.0825      -0.3333       0.3970       0.4747       0.0993
0300+470   22      45.8968       0.5640       0.1983       0.1551      47.2712       0.5476       0.2051       0.1096
0302+625    9      46.6777       0.4597       0.2228       0.0631      62.7172       0.3860       0.2754       0.1682
0302-623   10      45.9610       2.2476       9.5442       5.8447     -62.1904       1.8864       5.8193       3.3258
0305+039    4      47.1093       0.5134       0.1558       0.1858       4.1109       0.7546       0.1311       0.1288
0306+102   17      47.2651       0.3627       0.2436       0.1772      10.4879       0.6368       0.5123       0.3118
0307+380    7      47.7078       0.4295       0.0514       0.0550      38.2483       0.3927       0.1473       0.1439
0308-611   17      47.4837       0.7448       0.6720       0.1094     -60.9775       0.5809       0.4371       0.1963
0309+411    9      48.2582       0.4624       0.1478       0.3450      41.3337       0.5108       0.2884       0.1210
0317+188    6      49.9636       0.6947       0.7041       0.6641      19.0254       0.7239       0.7986       0.1946
0319+121    4      50.4713       0.3126       0.0421       0.0458      12.3539       0.7359       0.0780       0.0833
0322+222   10      51.4034       0.2840       0.1042       0.1033      22.4001       0.3164       0.2559       0.0763
0325+395    2      52.2096       3.3387       0.1042       0.0000      39.6790       9.6962       0.2559       0.0000
0326+277    1      52.4903       0.7093       0.1042       0.0000      27.9376       0.7010       0.2559       0.0000
0332+078    7      53.7222       0.3712       0.1547       0.1422       8.0040       0.7732       0.4746       0.2348
0332-403    7      53.5569       0.4367       0.0521       0.0639     -40.1404       0.4972       0.0732       0.0760
0333+321   14      54.1254       0.9537       0.2541       0.1371      32.3082       0.7607       0.6365       0.0703
0334-546    4      53.9747       1.7342       0.6225       0.5643     -54.5070       1.2835       0.5916       0.3925
0336-019   28      54.8789       0.3858       0.1843       0.0931      -1.7766       0.8913       0.4487       0.0793
0338-214   10      55.1484       1.6457       0.6825       0.4026     -21.3253       1.5293       0.3331       0.2948
0340+362    6      55.8706       0.4883       0.4015       0.4231      36.3701       0.4683       0.3753       0.2168
0341+158    2      56.0966       0.3927       0.3875       0.3875      15.9954       1.2320       0.1496       0.1496
0342+147    4      56.2767       0.3099       0.2704       0.3139      14.8971       0.5488       0.4547       0.0754
0345+460    7      57.3281       0.5579       0.1848       0.1481      46.1666       0.4806       0.1919       0.1759
0346-279    7      57.1589       0.5212       0.2157       0.2863     -27.8204       0.6391       0.3823       0.4313
0347-211    6      57.4909       0.6400       1.9634       0.9500     -21.0466       0.5708       0.6059       0.4656
0355+508   26      59.8739       3.4558       1.7681       2.0830      50.9639       2.8554       3.6883       1.4102
0358+210    4      60.4382       0.5749       0.1267       0.0952      21.1746       0.9470       0.5421       0.4940
0400+258    8      60.7733       0.4647       0.1012       0.0478      26.0004       0.4696       0.0819       0.0283
0400-319   12      60.5886       1.2639       0.7308       0.1762     -31.7905       1.3000       0.5479       0.6238
0402-362   24      60.9740       1.1542      12.4616       0.4038     -36.0839       0.9096       5.2176       0.3472
0403-132    7      61.3917       0.6486       0.9474       0.8331     -13.1371       1.7297       1.9057       0.8701
0405-123    6      61.9518       0.2756       0.0730       0.0633     -12.1935       0.7103       0.2970       0.5027
0405-385   16      61.7460       0.9248       0.3224       0.2692     -38.4411       0.9697       0.3677       0.3452
0406+121    5      62.3417       0.4465       0.1221       0.1476      12.2944       0.8417       0.2028       0.2909
0406-127    6      62.2740       0.4360       0.0504       0.0333     -12.6467       0.6383       0.3995       0.3556
0414-189   13      64.1523       0.5244       0.1358       0.1419     -18.8523       0.6526       0.3303       0.3159
0415+398    6      64.8440       0.3774       0.1965       0.1382      39.9247       0.5652       0.1484       0.1176
0420+022    7      65.7176       0.2345       0.0748       0.0787       2.3241       0.3170       0.2520       0.1406
0420+417    4      65.9834       0.3708       1.1792       3.4929      41.8341       0.2592       0.2155       0.2339
0420-014   24      65.8158       0.4333       0.0974       0.0691      -1.3425       0.8473       0.5042       0.1222
0422+004    9      66.1952       0.2696       0.0524       0.0962       0.6018       0.8419       0.2194       0.1615
0422-380    8      66.1760       0.8660       1.4010       0.5655     -37.9391       0.7752       0.1994       0.2878
0426+273   10      67.4707       0.3663       0.1353       0.1918      27.4105       0.4768       0.1950       0.2375
0426-380    5      67.1684       0.5654       0.5959       0.6504     -37.9388       0.4457       0.4819       0.5220
0430+289   12      68.4076       0.4389       0.2486       0.1825      29.0987       0.4449       0.2973       0.1917
0434-188   23      69.2562       0.7942       1.0671       0.3065     -18.7468       1.2731       0.7017       0.5425
0436-129    5      69.6459       1.9330       1.9882       1.0772     -12.8509       1.9219       0.5834       0.4752
0437-454   12      69.7536       1.1362       0.6702       1.0064     -45.3729       0.7426       0.5647       0.7438
0438-436    7      70.0716       1.6245       0.9191       0.5452     -43.5524       1.3901       0.1688       0.1037
0440+345    9      70.8818       0.4814       0.2158       0.2626      34.6852       0.4909       0.2361       0.2323
0442+389    4      71.5479       0.7788       0.1363       0.1442      39.0047       0.3822       0.1554       0.1455
0446+112   10      72.2820       0.2908       0.6639       0.0881      11.3579       0.3675       0.7103       0.1038
0451-282   11      73.3110       0.7173       1.0481       0.2701     -28.1270       0.9938       0.9799       0.3458
0454+844   21      77.1765       4.8698       0.3733       0.1629      84.5346       0.4034       0.1343       0.0776
0454-234   29      74.2632       0.7473       0.1565       0.1312     -23.4145       0.6705       0.1512       0.1096
0454-463    4      73.9616       0.7785       0.8895       0.5064     -46.2663       0.4077       0.8248       0.6108
0454-810   11      72.5227       0.7350       0.9192       0.3345     -81.0173       0.3769       0.3687       0.2319
0458+138    1      75.4386       0.1991       0.9192       0.0000      13.9353       0.7653       0.3687       0.0000
0458-020   25      75.3034       0.3324       0.1125       0.0501      -1.9873       0.5630       0.1464       0.1074
0502+049    3      76.3466       0.1275       0.1162       0.0688       4.9952       0.1122       0.3854       0.1696
0506+101    8      77.3644       0.3200       0.5411       0.2623      10.1957       0.4557       1.7196       0.2982
0506-612   13      76.6833       0.5508       0.5487       0.3758     -61.1614       0.2614       0.3985       0.2911
0507+179   12      77.5099       0.3691       0.2980       0.1318      18.0116       0.4724       0.3497       0.2228
0515+208    6      79.5159       0.4312       0.9189       0.5013      20.9146       1.0039       0.7100       0.5424
0516-621   11      79.1872       3.1754       0.7065       0.4336     -62.1182       2.1401       0.2120       0.1874
0521-365   12      80.7416       1.2231       0.8178       0.1591     -36.4586       0.6313       0.5768       0.2005
0522-611    5      80.6434       1.7973       0.6070       0.6000     -61.1325       0.7422       0.2670       0.2758
0524+034    7      81.8863       0.3229       0.1996       0.2393       3.5254       1.1833       0.7427       0.6289
0524-460    4      81.3808       3.3903       1.2340       1.1617     -45.9652       1.4764       0.8095       0.7831
0524-485    5      81.5695       2.9244       0.3341       0.3901     -48.5102       1.6034       0.5791       0.5808
0528-250    4      82.5332       0.5623       0.0572       0.0180     -25.0583       0.8617       0.1279       0.0185
0529+483    8      83.3161       0.3851       0.2310       0.0436      48.3813       0.2611       0.0886       0.0671
0530-727   10      82.3752       1.6671       3.0739       4.4858     -72.7579       0.6987      15.0018       5.4162
0534-340   11      84.1185       1.8713       0.6844       0.4341     -34.0199       0.9497       0.5504       0.7012
0534-611    5      83.6491       2.2378       0.7194       0.8425     -61.1020       0.7912       0.2612       0.2942
0536+145   12      84.9265       0.5207       0.1962       0.1809      14.5627       0.6026       0.2306       0.1675
0537-286   16      84.9762       1.1731       2.1487       0.8169     -28.6655       0.8423       1.2221       0.2438
0537-441   25      84.7098       1.0559       0.4584       0.1666     -44.0858       0.6391       0.2355       0.1539
0539-057    6      85.4087       0.4011       0.1140       0.1607      -5.6971       0.9675       0.8216       0.6202
0544+273   13      86.8923       0.7743       1.1680       0.9118      27.3658       0.9145       0.3785       0.2013
0548+378    5      88.0747       0.7031       0.4810       0.1498      37.9070       2.8008       3.4729       1.2765
0549-575    6      87.5399       1.3814       0.4429       0.4773     -57.5401       1.0549       0.4462       0.4841
0552+398   36      88.8784       0.6181       0.4528       0.0634      39.8137       0.4765       0.2267       0.0537
0556+238   21      89.8835       0.4468       0.1281       0.0808      23.8983       0.6180       0.0886       0.1003
0600+177    5      90.7880       0.5426       0.1496       0.0992      17.7047       0.5836       0.0987       0.0806
0601+245    1      91.2297       0.2646       0.1496       0.0000      24.4986       0.3267       0.0987       0.0000
0602+673   15      91.9695       0.5771       0.2750       0.0722      67.3487       0.2798       0.1245       0.0400
0605-085    7      91.9987       0.4200       0.1169       0.0531      -8.5805       0.6004       0.3225       0.0735
0606-223    6      92.2487       0.5122       0.1401       0.1524     -22.3392       0.5744       0.3120       0.2791
0607-157   15      92.4206       0.4011       0.1740       0.1612     -15.7113       0.5553       0.1241       0.1251
0609+607    3      93.5994       0.6507       0.1246       0.4452      60.7727       0.3211       0.0417       0.1161
0611+131    4      93.4904       2.1920       0.1796       0.1716      13.1126       2.6445       0.3515       0.3658
0613+570    7      94.3205       1.0696       0.8270       0.7716      57.0212       0.4475       2.0745       0.2755
0615+820    6      96.5125       0.6562       0.3559       0.1454      82.0404       0.3311       0.1987       0.1422
0620+389    2      96.0793       0.5736       0.0476       0.0476      38.9469       0.4638       0.0181       0.0181
0627-199    6      97.3490       0.4822       2.5009       0.2709     -19.9888       0.8890       0.5556       0.2828
0629-418    4      97.8000       2.3471       1.4318       1.7995     -41.9075       1.4126       1.5136       0.9618
0632-235    7      98.7458       1.0460       0.5930       0.2506     -23.5867       0.6905       0.5279       0.3440
0636+680   10     100.5177       0.7968       0.5726       0.0322      67.9766       0.3321       0.2780       0.0184
0637-337    2      99.8371       1.6694       0.5726       0.0000     -33.7667       1.1485       0.2780       0.0000
0637-752   23      98.9438       1.0606       0.3233       0.2345     -75.2713       0.4535       0.1359       0.1305
0641+392    7     101.2238       0.7883       0.3854       0.3016      39.2465       0.4908       0.2119       0.2092
0642+449   25     101.6334       0.4771       0.4528       0.0910      44.8546       0.2876       0.2942       0.0611
0646-306   10     102.0587       0.9298       3.1044       0.2778     -30.7388       0.8847       1.4537       0.4711
0648-165   15     102.6024       0.3719       0.6666       0.1403     -16.6277       0.4196       0.4372       0.2230
0650+371    2     103.4928       1.1377       0.6666       0.0000      37.0946       0.9006       0.4372       0.0000
0656+082   14     104.8250       0.4284       0.0972       0.0679       8.2253       0.9962       0.2854       0.1984
0657+172   22     105.0064       0.4253       0.3150       0.2031      17.1560       0.3249       0.3950       0.1189
0700-197    6     105.6788       1.4991       1.3311       0.6556     -19.8561       1.2533       0.7041       0.3094
0707+476    6     107.6921       0.6299       0.1839       0.1474      47.5364       0.4034       0.1623       0.1558
0714+457    6     109.4661       0.5789       0.2763       0.2090      45.6342       0.2949       0.1171       0.0958
0716+714   18     110.4727       0.6372       0.7178       0.0484      71.3434       0.3006       0.2356       0.0393
0718+792   21     111.5489       0.9969       0.1501       0.0989      79.1919       0.2449       0.0568       0.0359
0722+145    9     111.3200       0.5381       0.3579       0.2237      14.4205       0.6685       0.4600       0.1328
0723+219    6     111.5594       0.4049       0.1381       0.1263      21.8889       0.3487       0.1105       0.1279
0723-008   10     111.4610       0.7967       0.5168       0.1128      -0.9157       0.9856       0.4197       0.3831
0727-115   31     112.5796       0.7379       0.4136       0.0841     -11.6868       0.6891       0.9157       0.0833
0729+259    5     113.2345       0.5142       0.2514       0.2125      25.8108       0.6313       0.2625       0.2217
0735+178   14     114.5308       0.6446       0.1650       0.1190      17.7053       0.5767       0.2635       0.1682
0736+017   12     114.8251       0.2740       0.1805       0.0520       1.6179       0.3968       0.1289       0.0645
0738+491    7     115.5115       0.8575       0.1622       0.1359      49.0043       0.3365       0.1227       0.1117
0738-674    5     114.7354       1.9937       0.6055       0.9726     -67.5975       0.7908       0.1902       0.2332
0742+103   13     116.3877       0.7207       0.9770       0.0501      10.1869       1.0934       0.1733       0.0820
0743+259   14     116.6078       0.4193       0.0754       0.0628      25.8173       0.3261       0.0550       0.0605
0743+277    6     116.6685       0.7615       6.4045       0.5017      27.5831       0.3777       4.0828       0.3173
0743-006    7     116.4753       0.2210       0.0948       0.1212      -0.7382       0.6106       0.0586       0.1260
0743-673    5     115.8817       1.4977       0.9267       1.0514     -67.4404       0.5150       0.0867       0.1459
0745+241   15     117.1505       0.7524       0.3732       0.1759      24.0067       0.5331       0.1901       0.0997
0747+185    6     117.5014       0.6609       0.2621       0.2474      18.3865       0.4384       0.1241       0.1462
0748+126   12     117.7169       0.4430       0.0715       0.1001      12.5180       0.3447       0.0923       0.0695
0749+540   22     118.2558       0.8092       0.5317       0.1302      53.8832       0.3632       0.0612       0.0604
0754+100    7     119.2777       2.0483       0.9291       0.1006       9.9430       3.1295       1.3870       0.0463
0759+183    7     120.7001       0.7630       0.4779       0.3363      18.1637       1.1471       0.8534       0.2636
0800+618    7     121.3257       0.6877       0.2211       0.1741      61.7399       0.2733       0.1130       0.0715
0804+499   22     122.1653       0.7249       0.1410       0.1388      49.8435       0.3314       0.0798       0.0483
0805+410   22     122.2361       0.8664       0.3562       0.2215      40.8791       0.4458       0.1432       0.1184
0805-077    1     122.0647       0.3575       0.3562       0.0000      -7.8527       0.5468       0.1432       0.0000
0808+019   15     122.8613       0.2802       0.1121       0.0885       1.7812       0.8463       0.3259       0.1844
0812+367    7     123.8581       0.7594       0.3315       0.3310      36.5875       0.4466       0.1669       0.1539
0814+425   12     124.5667       0.7319       0.3418       0.0863      42.3793       0.3618       0.0514       0.0224
0818-128    4     125.2394       0.6931       0.1225       0.0709     -12.9831       0.5626       0.2076       0.0532
0820+560    6     126.1968       1.0177       0.0974       0.0824      55.8785       0.3847       0.1890       0.1324
0821+394    6     126.2312       0.5914       0.3723       0.0582      39.2783       0.3288       0.2965       0.0556
0823+033   27     126.4597       0.3155       0.1021       0.0550       3.1568       0.9610       0.6359       0.1372
0823-223    2     126.5066       1.2802       0.1021       0.0000     -22.5076       1.2955       0.6359       0.0000
0826-373    9     127.0199       0.9645       2.0246       0.3977     -37.5184       0.9131       1.0248       0.1913
0827+243   16     127.7170       0.4859       0.2313       0.2377      24.1833       0.3723       0.1814       0.2250
0829+046    6     127.9537       0.4189       0.1670       0.0755       4.4942       1.8918       0.3387       0.1705
0833+585    2     129.3434       1.7462       2.4901       2.4901      58.4172       0.4269       0.3309       0.3309
0834+250    1     129.4177       0.4146       2.4901       0.0000      24.9064       0.1575       0.3309       0.0000
0834-201    9     129.1634       0.6151       0.3462       0.3922     -20.2832       0.5275       0.4781       0.3727
0836+710    2     130.3515       0.7021       0.3462       0.0000      70.8950       0.2650       0.4781       0.0000
0847-120    6     132.5401       1.0119       0.1536       0.1347     -12.2265       0.5417       0.1183       0.1465
0850+581    2     133.6750       0.9902       0.2490       0.2490      57.9583       0.3516       0.0639       0.0639
0851+202   35     133.7036       0.9237       0.2556       0.0774      20.1085       0.5011       0.9212       0.0558
0854-108    7     134.1742       0.5084       0.2326       0.1742     -11.0873       0.5266       0.3473       0.2894
0859+470    8     135.7666       1.0556       0.9354       0.4402      46.8511       1.0485       0.1322       0.1080
0906+015    3     137.2920       0.4539       0.8397       0.8434       1.3599       0.9076       1.2756       1.1484
0912+029    8     138.6580       0.3436       0.0843       0.0773       2.7665       0.8259       0.5400       0.2698
0912+297    3     138.9683       1.3432       0.2154       0.2091      29.5567       1.1231       0.2253       0.2194
0917+449    5     140.2436       0.6309       0.1883       0.1942      44.6983       0.2876       0.0633       0.0435
0917+624   10     140.4010       0.7547       0.4349       0.2290      62.2645       0.2803       0.1575       0.0843
0919-260   18     140.3723       1.5114       1.7618       3.9171     -26.3121       0.8376       0.4612       0.1476
0920+390   14     140.8102       0.6294       0.2777       0.1709      38.8278       0.2843       0.1947       0.1101
0920-397   18     140.6934       3.4246       1.0536       0.9179     -39.9931       1.5339       0.5437       0.5608
0925-203   15     141.9659       1.2920       1.4453       0.3489     -20.5809       0.8143       0.9871       0.3061
0943+105    2     146.6461       0.2851       0.1291       0.1291      10.2850       0.5567       0.7201       0.7201
0945+408    7     147.2306       1.6547       8.4049       1.3398      40.6624       0.5911       6.6799       0.6265
0949+354    2     148.1334       0.7433       8.4049       0.0000      35.2146       0.4245       6.6799       0.0000
0951+268    4     148.6658       2.0397       2.6255       2.2069      26.6568       2.2476       2.8814       2.9014
0951+693    8     148.8882       1.1158       0.3035       0.2827      69.0653       0.4426       0.1266       0.1239
0952+179    6     148.7368       0.6523       0.1354       0.2150      17.7253       0.6038       0.1380       0.1383
0954+658   19     149.6969       1.2677       0.4436       0.4620      65.5652       0.5037       0.2021       0.1289
0955+326   10     149.5873       0.5436       0.5781       0.2716      32.4006       0.3228       0.5082       0.2449
0955+476   23     149.5820       0.7702       0.2013       0.1197      47.4188       0.3516       0.0841       0.0450
0958+346    6     150.2998       0.9323       0.6976       0.6933      34.4140       0.5049       0.4094       0.3328
1004-217    1     151.6934       1.1771       0.6976       0.0000     -21.9890       1.0346       0.4094       0.0000
1004-500    9     151.5584       6.3889       2.9134       0.9653     -50.3037       1.0403       0.6284       0.5460
1011+250    3     153.4726       0.8752       0.2024       0.2345      24.8212       0.3674       0.1159       0.0491
1012+232    8     153.6961       0.7052       0.3960       0.2329      23.0213       0.6947       0.2646       0.0966
1013+054    6     154.0131       0.3980       0.2672       0.2567       5.2173       1.2138       0.5595       0.5801
1013+127    1     153.9334       0.8862       0.2672       0.0000      12.4520       1.2632       0.5595       0.0000
1015+057    5     154.6160       0.2607       0.1337       0.1281       5.5083       0.3720       0.2127       0.2117
1015+359    8     154.5458       0.5372       6.2868       0.3866      35.7110       0.3417       2.8815       0.2424
1020+400    1     155.7982       0.7753       6.2868       0.0000      39.8043       0.3914       2.8815       0.0000
1022+194    8     156.1867       0.5018       0.2780       0.1067      19.2057       0.5042       0.1719       0.1029
1022-665    5     155.9314       3.9183       1.4212       1.5251     -66.7802       0.7917       0.2322       0.3470
1023+131    2     156.4845       0.8492       1.4212       0.0000      12.8970       0.6533       0.2322       0.0000
1027-186    5     157.3879       1.8820      28.5377       4.7562     -18.8806       1.4347       9.6076       1.4169
1030+415    8     158.2654       1.0893       0.4881       0.5444      41.2684       0.4665       0.2476       0.3596
1032-199   13     158.7590       1.0615       1.3900       0.5959     -20.1929       0.9258       0.4268       0.5967
1034-293   29     159.3170       2.6933       1.4260       0.5251     -29.5674       1.1054       0.2071       0.1999
1034-374    9     159.2227       3.3796       1.5590       1.4862     -37.7375       1.0743       0.3482       0.3238
1038+064   11     160.3215       0.4161       0.3855       0.0705       6.1714       0.7301       0.2323       0.0951
1038+528   19     160.4449       1.4259       0.7308       0.2604      52.5578       0.6058       0.3835       0.2976
1039+811   14     161.0961       1.0705       1.9569       0.4441      80.9110       0.2991       0.2859       0.1362
1040+244    7     160.7876       0.5709       0.1969       0.1852      24.1432       0.4123       0.1724       0.1359
1042+071    2     161.2330       0.2946       0.2072       0.2072       6.9273       0.7263       0.1458       0.1458
1045-188   10     162.0276       0.8002       0.4819       0.7690     -19.1599       0.7292       0.3128       0.4109
1048-313    6     162.7699       6.3497       4.1968       2.0180     -31.6373       1.1363       1.2512       0.5515
1049+215    5     162.9533       0.6884       0.1499       0.1989      21.3312       0.6760       0.1333       0.1081
1053+704   13     164.2234       1.1921       3.1685       0.5502      70.1961       0.3618       0.3109       0.2610
1053+815   24     164.5481       1.3877       0.4855       0.2630      81.2424       0.6557       0.1737       0.1067
1055+018   19     164.6234       0.3757       0.2328       0.0198       1.5663       0.9598       0.8944       0.1318
1057-797   25     164.6805       1.7996       0.8702       0.3086     -80.0650       0.5529       0.1582       0.0831
1059+282    4     165.5595       1.5701       0.7314       0.9394      27.9524       1.6254       1.2823       0.9678
1101+384   19     166.1138       0.8573       0.3934       0.2279      38.2088       0.3956       0.1543       0.1022
1101-536    9     165.9676       6.7197      10.3214       4.9681     -53.9502       1.0169       2.7234       1.2573
1104+728    3     166.9238       3.7894       0.5392       0.5581      72.5433       1.1395       0.2276       0.2355
1104-445   16     166.7862       4.7428       1.4339       1.0261     -44.8188       0.7991       0.5028       0.2180
1111+149   12     168.4946       4.1290       1.6365       0.6693      14.7075       3.3393       2.3302       0.4950
1116+128    5     169.7388       0.5586       0.1080       0.3740      12.5783       0.4868       0.7650       0.2866
1116-462    5     169.6123       2.5108       1.7023       1.0763     -46.5708       1.6493       1.4126       0.8237
1123+264   14     171.4738       0.9653       2.2745       0.3525      26.1722       0.5347       0.6379       0.4694
1124-186   23     171.7683       1.3330       0.4677       0.1653     -18.9548       0.7608       0.1929       0.1118
1128+385   23     172.7220       0.8201       0.1310       0.1053      38.2552       0.3597       0.0822       0.0572
1130+009    8     173.3336       0.2936       0.0931       0.2824       0.6813       0.5188       0.1588       0.1474
1133-032    7     174.1024       0.9520       0.5677       0.4585      -3.5082       0.8205       0.3594       0.3867
1143-245    9     176.5338       1.2282       0.5574       0.1980     -24.7925       1.0626       0.4235       0.2849
1143-696    5     176.4734       3.0955       0.5128       0.3207     -69.9005       0.6298       0.1519       0.1378
1144+402   23     176.7429       1.0110       0.6308       0.2598      39.9762       0.5298       0.4145       0.2128
1144-379   22     176.7557       2.1137      11.9846       1.3404     -38.2031       0.7686       6.1888       0.9888
1145+268    7     176.9990       0.8770       0.2711       0.1781      26.5951       0.5015       0.1828       0.1401
1145-071   20     176.9648       0.3600       1.6340       0.4473      -7.4114       0.5752       3.4149       1.9215
1147+245    8     177.5801       0.3501       0.2159       0.1878      24.2983       0.2414       0.1048       0.0837
1149-084    7     178.0717       0.4969       0.0707       0.0865      -8.6843       0.5805       0.1646       0.1727
1150+497    1     178.3519       0.8983       0.0707       0.0000      49.5191       0.3676       0.1646       0.0000
1150+812   11     178.3021       0.8484       0.3791       0.2627      80.9748       0.2588       0.0978       0.0820
1156+295   27     179.8826       0.7159       0.3235       0.1792      29.2455       0.3979       0.1556       0.1093
1156-663    4     179.8263       5.6797       0.8922       1.1390     -66.5943       1.0088       0.0896       0.1220
1212+171    5     183.7666       0.6957       4.0055       0.9176      16.9105       0.7159       1.5459       0.4136
1213+350    3     183.9817       1.3976       0.2350       0.2828      34.8042       0.7418       0.1031       0.1070
1213-172   15     183.9448       1.0777       2.7688       0.3554     -17.5293       0.7220       0.8347       0.3436
1215+303    3     184.4670       0.7938       0.8162       1.2929      30.1168       0.4895       0.4788       0.7614
1216+487    1     184.7767       0.9006       0.8162       0.0000      48.4989       0.3235       0.4788       0.0000
1219+044   20     185.5940       0.3305       0.0727       0.0559       4.2210       0.5632       0.0895       0.0682
1219+285    5     185.3820       0.9982       0.4431       0.3154      28.2329       0.5557       0.2138       0.1195
1221+809   11     185.9187       0.9833       0.6248       0.6098      80.6679       0.2945       0.1267       0.1550
1222+131    3     186.2656       0.5115       0.2127       0.2127      12.8870       0.6224       0.2052       0.2052
1226+373   10     187.1976       0.9074       0.2453       0.2155      37.1034       0.4359       0.1192       0.1932
1236+077    9     189.8525       0.3979       0.1458       0.0915       7.5048       0.6582       0.2864       0.1372
1237-101    6     189.9294       0.4895       0.1382       0.1277     -10.3913       0.5204       0.1063       0.0552
1240+381    4     190.7140       1.3793       1.0235       1.0446      37.8500       0.3516       0.3540       0.3325
1243-072   13     191.5176       0.4633       0.3090       0.1648      -7.5129       0.5523       0.1959       0.1899
1243-160    6     191.4739       1.1219       1.0846       0.3391     -16.2794       0.6232       0.5160       0.1873
1244-255   17     191.6950       1.3477       0.5802       0.3072     -25.7970       0.7381       0.2962       0.2082
1251-713    9     193.7497       3.5636       2.1697       0.6919     -71.6385       0.6356       0.1596       0.0784
1252+119    9     193.6594       0.7046       0.2198       0.1193      11.6850       0.9870       0.5002       0.1151
1255-177    7     194.6596       1.6140       5.6100       0.6919     -18.0009       0.7248       0.1129       0.1112
1255-316   20     194.4961       3.3366       2.0614       0.6572     -31.9213       1.0309       0.8449       0.2233
1257+145    7     195.0872       0.7430       0.6145       0.2017      14.2885       0.6987       0.4185       0.2338
1300+580   21     195.7186       0.8700       1.0949       0.1206      57.8104       0.3178       0.2211       0.0344
1302-102    8     196.3876       0.9376       0.5447       0.3333     -10.5554       0.7596       0.4250       0.3398
1306+360    5     197.0988       9.1058       6.5818       1.9672      35.7770       4.0563       3.3839       0.7140
1307+121    4     197.3914       0.4905       0.0744       0.0219      11.9068       0.5334       0.0655       0.0217
1308+328   16     197.7475       0.8411       0.3143       0.2533      32.5596       0.5007       0.1595       0.1651
1308+554    4     197.7634       1.6679       0.8373       0.8585      55.2318       0.7064       0.4890       0.4601
1313-333   20     199.0333       2.4489       4.0026       0.7253     -33.6498       1.0184       0.3851       0.2592
1315+346    1     199.4021       1.0312       4.0026       0.0000      34.4211       0.4277       0.3851       0.0000
1324+224   16     201.7536       1.2955       3.1738       0.1655      22.1806       0.4605       1.9588       0.0867
1325-558    6     202.2548       6.3048       1.6843       1.7983     -56.1341       1.1995       0.2179       0.2237
1327+504    6     202.2742       3.0074       1.2526       1.3423      50.1573       1.1495       0.6063       0.6641
1334-127   27     204.4158       0.9831       0.1043       0.0802     -12.9569       0.8682       0.0981       0.0853
1342+662    9     205.9415       1.0504       0.3687       0.2567      66.0405       0.2768       0.0946       0.0684
1342+663   12     206.0362       1.1483       0.3862       0.4834      66.1032       0.4266       0.1190       0.1177
1347+539    3     207.3944       1.1251       0.1095       0.2263      53.6881       0.3574       0.0303       0.0664
1348+308    5     207.7197       1.4336       0.8996       0.8789      30.5816       0.8648       0.6359       0.6877
1349-439   10     208.2356       6.1217       2.8969       1.6867     -44.2112       1.3812       0.9744       0.5108
1351-018   22     208.5287       0.8468       0.0915       0.0659      -2.1009       2.4117       0.2517       0.2114
1352-104   10     208.6938       0.7886       1.6873       0.5649     -10.6841       0.6517       0.9167       0.2990
1354+195   18     209.2685       2.1112       5.0154       0.5438      19.3187       1.0346       1.8917       0.4857
1354-152   16     209.2969       1.0331       0.8324       0.3119     -15.4580       0.7607       0.3853       0.3184
1354-174    6     209.2753       2.6833       0.5269       0.5689     -17.7339       1.3677       0.4809       0.4298
1357+769   22     209.4807       0.9806       0.2112       0.1290      76.7225       0.2522       0.0487       0.0261
1402+044    9     211.2547       0.5049       0.2275       0.1129       4.2599       0.8382       0.4577       0.2747
1402-012    7     211.1912       0.8250       0.7547       0.5939      -1.5061       1.2520       0.8498       0.9452
1406-076    9     212.2353       0.5064       0.3282       0.3817      -7.8741       0.4323       0.3653       0.4746
1406-267    6     212.4590       4.2073       3.0282       2.4830     -26.9603       1.9384       0.8262       0.5973
1413+135    7     213.9951       0.8830       0.8583       0.1674      13.3399       1.1460       0.5533       0.2290
1417+273    1     214.9971       0.8569       0.8583       0.0000      27.1071       0.4590       0.5533       0.0000
1417+385   13     214.9442       0.8338       0.1191       0.1152      38.3635       0.3014       0.0567       0.0582
1418+546   23     214.9442       1.0431       0.4451       0.1403      54.3874       0.3122       0.0912       0.0460
1420-679    5     216.2315       7.1497       2.3345       2.2207     -68.1328       1.0934       0.4629       0.4073
1423+146    5     216.4542       0.7968       0.2464       0.3270      14.4158       0.6345       0.1962       0.2657
1424+240    1     216.7516       2.1033       0.2464       0.0000      23.8000       1.6511       0.1962       0.0000
1424-418   25     216.9846       2.1845       1.1051       0.3940     -42.1054       0.6160       0.2716       0.1389
1428+370    3     217.6691       2.2430       0.0231       0.0267      36.8177       0.5581       0.0800       0.0930
1432+200    5     218.6658       1.1888       0.4584       0.4401      19.8669       0.7703       0.1865       0.1873
1435-218    4     219.5395       1.9616       0.2197       0.1248     -22.0819       0.8431       0.1203       0.0844
1441+252    4     220.9871       0.8603       1.3915       1.3814      25.0290       0.4308       1.2448       1.2462
1442+101    5     221.3186       0.5772       0.6041       0.7469       9.9767       0.5698       0.7501       0.9067
1443-162    6     221.4724       0.8394       0.9513       0.4730     -16.4838       0.7922       0.5337       0.4136
1445-161    3     222.0627       1.0892       0.5786       0.5221     -16.3402       1.0360       0.3127       0.1501
1451-375   20     223.6142       5.3452       5.3850       1.4340     -37.7925       2.1988       0.3339       0.2725
1451-400    9     223.6371       5.6552      52.0253       0.6436     -40.2090       1.3542       3.8724       0.1501
1456+044    5     224.7473       0.3658       0.1699       0.1624       4.2705       0.4950       0.2215       0.3136
1459+480    5     225.2027       1.0894       0.4171       0.1244      47.8543       0.3343       0.1738       0.0524
1502+036   10     226.2770       0.3181       0.2515       0.1753       3.4419       0.5479       0.1352       0.1535
1502+106   22     226.1041       1.0796       0.7772       0.3642      10.4942       1.3684       1.0348       0.2678
1504+377    9     226.5397       1.2360       0.5445       0.4544      37.5142       0.4535       0.2218       0.1701
1504-166   14     226.7699       1.9285       2.5266       0.6159     -16.8751       1.2844       0.8830       0.2183
1508+572   11     227.5122       2.0269       1.3219       0.7751      57.0454       0.4808       0.2825       0.1713
1508-055    5     227.7233       0.2938       0.1819       0.0522      -5.7187       0.4584       0.4913       0.0284
1510-089   20     228.2106       0.9198       0.2990       0.1233      -9.1000       0.8460       0.3061       0.2538
1511-100    5     228.4371       0.7404       0.2273       0.1184     -10.2001       0.7478       0.2483       0.2040
1514+197    9     229.2367       0.7710       0.2792       0.4493      19.5369       0.4447       0.1705       0.2752
1514-241   18     229.4242       1.2775       0.5793       0.3531     -24.3721       0.8770       0.5344       0.2059
1519-273   24     230.6570       1.3800       0.7302       0.2553     -27.5030       0.5558       0.2172       0.1257
1519-294    6     230.6062       3.7723       1.6338       1.6476     -29.6070       0.9921       0.4980       0.5357
1520+319    6     230.5416       0.8400       0.1666       0.1597      31.7373       0.3479       0.0944       0.0874
1520+437    7     230.4567       1.3105       0.2807       0.2178      43.6109       0.4800       0.0977       0.0927
1522+155    1     231.1734       1.5791       0.2807       0.0000      15.3558       1.5785       0.0977       0.0000
1538+149   10     235.2062       0.6501       1.6150       0.1095      14.7961       0.5673       1.7847       0.1533
1546+027   13     237.3727       0.2803       0.3168       0.0569       2.6170       0.4585       0.1504       0.0765
1547+507    4     237.3228       1.6509       0.3909       0.3032      50.6349       0.3963       0.0858       0.0989
1549-790    2     239.2453       3.4291       0.1659       0.1659     -79.2345       0.7437       0.0300       0.0300
1550-242    2     238.3818       1.8208       2.3726       2.3726     -24.3683       1.4628       0.5242       0.5242
1555+001   19     239.4643       0.4588       0.7668       0.5403      -0.0307       0.7625       1.0423       0.2412
1556-245    4     239.9225       3.9316       1.4550       1.8276     -24.7108       1.0511       0.5984       0.6234
1557+032   12     239.8791       0.4237       0.1803       0.1643       3.0801       0.4461       0.4266       0.2131
1600+335    7     240.5303       1.3572       1.3526       1.5415      33.4481       0.4553       0.3449       0.3753
1601+112    3     240.9247       0.5843       0.1223       0.1197      11.0969       0.3267       0.0932       0.0873
1602-115    7     241.3230       1.3402       0.3731       0.4049     -11.6575       0.7676       0.4732       0.7358
1604-333   10     241.8948       4.2206       4.0746       4.7142     -33.5191       1.1840       0.4773       0.2617
1606+106   24     242.1925       0.5074       0.1296       0.0721      10.4855       0.4656       0.1144       0.0656
1608+243    6     242.6751       2.0922       2.0413       2.2870      24.2469       1.1827       1.0607       1.3426
1610-771   20     244.4553       3.3090       1.6724       0.7636     -77.2885       0.6572       0.2615       0.1634
1611-710    2     244.1277       5.2703       1.0364       1.0364     -71.1421       1.3973       0.3598       0.3598
1614+051   18     244.1565       0.5754       0.2601       0.2410       4.9924       0.5569       0.4437       0.1568
1616+063    6     244.7654       0.9991       0.9127       0.8488       6.2173       0.6483       0.2962       0.1135
1617+229    7     244.8118       1.0259       0.7093       0.4340      22.7966       0.5145       0.3175       0.1661
1619-680    8     246.0768       3.4589       0.7416       0.6287     -68.1535       0.4674       0.1573       0.1512
1622-253   26     246.4454       2.1493       0.3219       0.2443     -25.4606       0.7256       0.1440       0.1383
1622-297   11     246.5251       1.8359       0.6537       0.2135     -29.8575       0.6617       0.1511       0.1706
1623+578    6     246.1034       2.2884       9.8106       0.5159      57.6879       0.4929       5.0312       0.3242
1624+416    4     246.4903       1.3262       0.4276       0.0494      41.5780       0.4173       0.1396       0.0088
1624-617    5     247.2279       3.9782       1.2086       1.6233     -61.8768       0.6964       0.1605       0.2232
1633+382   19     248.8146       2.5030       0.8724       0.3245      38.1346       0.8337       0.2391       0.0923
1636+473    8     249.4380       1.3917       0.2942       0.1836      47.2927       0.4059       0.0913       0.0490
1637+574   23     249.5561       2.9530       1.0123       0.6500      57.3400       0.7087       0.2663       0.1368
1637+826   14     248.1332       1.6375       0.4589       0.4415      82.5379       0.3434       0.0506       0.0646
1638+398   26     250.1235       1.2613       2.2992       0.2087      39.7795       0.4042       0.9404       0.0496
1639+230    8     250.3551       0.8447       0.1698       0.1963      22.9511       0.4021       0.0918       0.1346
1639-062    7     250.5091       0.3345       0.1025       0.0895      -6.3566       0.3318       0.1568       0.0985
1642+690   22     250.5327       3.1694       2.5460       0.4353      68.9444       0.6071       0.4795       0.1008
1647-296    3     252.6648       2.8873       2.8833       2.8833     -29.7297       1.1865       1.1144       1.1144
1651+391    6     253.2438       0.6453       3.0587       0.5232      39.0472       0.2219       0.3479       0.1323
1652+398   19     253.4676       1.2932       2.2710       0.4185      39.7602       0.4190       0.1967       0.1290
1655+077    6     254.5375       0.5188       0.3712       0.0329       7.6910       0.4545       0.5916       0.0951
1656+053    6     254.6394       0.8089       1.0855       1.5942       5.2546       0.5985       0.7788       0.4910
1657-261   14     255.2215       1.9963       0.8576       0.9460     -26.1810       0.6811       0.3900       0.2988
1657-562    8     255.4369       6.1006       4.8132       3.7440     -56.3655       0.9672       0.5491       0.6457
1659+399    5     255.3526       0.9257       0.2255       0.2511      39.9103       0.3084       0.0826       0.1000
1659-621    8     255.9023       3.0520       0.9716       0.9232     -62.2111       0.6354       0.3044       0.2517
1705+018   15     256.8934       0.3561       0.3079       0.1206       1.8127       0.5235       0.4476       0.1952
1705+456    0     256.8240       0.9655       0.3079       0.0000      45.6029       0.2692       0.4476       0.0000
1706-174   15     257.3931       1.8221       0.9591       0.4385     -17.4815       0.7768       0.5157       0.3427
1717+178    8     259.8044       2.6844       2.4740       0.7077      17.7518       0.9681       0.9390       0.4111
1722+330    4     261.0592       1.8013       0.2750       0.2851      33.0511       0.5498       0.0615       0.0550
1725+044    2     262.1040       0.4734       0.0392       0.0392       4.4514       0.4979       0.0077       0.0077
1725+123    4     262.0294       1.1631       0.6786       0.6323      12.2610       1.1195       0.4172       0.3973
1725-795    3     263.4196       4.6656       1.2022       1.2274     -79.5988       1.0246       0.2702       0.2757
1726+455   22     261.8652       1.3265       0.6314       0.1943      45.5110       0.3593       0.1279       0.0382
1730-130   21     263.2613       1.4978       1.0474       0.5103     -13.0804       0.6575       1.0019       0.3316
1732+389   12     263.5857       1.6315       0.3752       0.4104      38.9643       0.4305       0.3964       0.1508
1736+324    1     264.6688       1.8879       0.3752       0.0000      32.4025       0.7871       0.3964       0.0000
1738+476   10     264.9880       2.6404       2.2005       1.0514      47.6329       0.6026       0.4982       0.3840
1738+499    4     264.8641       1.4062       0.1915       0.1946      49.9176       0.3906       0.0899       0.0950
1741-038   32     265.9952       0.5588       0.6910       0.0480      -3.8346       0.8847       2.8448       0.0694
1743+173   10     266.3967       1.7058       1.0244       0.9920      17.3337       0.6110       0.3284       0.4598
1744+557    4     266.2359       1.2307       0.8701       0.5085      55.7048       0.2752       0.1725       0.0985
1745+624   18     266.5585       1.5658       0.2963       0.2400      62.4485       0.3092       0.1130       0.0621
1746+470    6     266.8610       1.1151       0.6172       0.2765      46.9808       0.2654       0.0738       0.0932
1749+096   30     267.8867       0.7644       0.4176       0.0779       9.6502       0.5652       0.7454       0.0729
1749+701    3     267.1368      20.4398       5.4808      11.0175      70.0974       0.7342       0.1503       0.2840
1751+288    9     268.4270       0.7586       0.2769       0.4171      28.8014       0.2703       0.1036       0.1800
1751+441    0     268.3444       1.2078       0.2769       0.0000      44.1627       0.3184       0.1036       0.0000
1754+155    6     269.2213       0.8615       0.7376       0.6395      15.5891       0.6121       0.3519       0.3448
1758+388   14     270.1032       1.7663       0.7629       0.5726      38.8085       0.5347       0.2171       0.1665
1758-651    8     270.8479       3.0216       1.1273       1.4610     -65.1269       0.5352       0.3365       0.4813
1759-396    6     270.6778       3.8603       4.2816       1.3349     -39.6689       0.9741       0.3251       0.1421
1800+440   10     270.3846       1.1587       2.9521       0.5331      44.0728       0.3461       0.9431       0.1967
1803+784   31     270.1903       1.8969       0.4073       0.2250      78.4678       0.3532       0.0832       0.0438
1806+456    8     272.0912       1.3914       2.1491       0.8415      45.7058       0.3319       0.7017       0.0911
1806-458    7     272.4911       6.3583       3.4292       2.3056     -45.8781       1.2971       0.3064       0.2419
1807+698   25     271.7112       1.1240       0.6002       0.1356      69.8245       0.2280       0.1239       0.0383
1815-553   21     274.9392       4.9446       7.0716       1.8026     -55.3558       0.8868       0.7325       0.3714
1821+107    6     276.0119       0.9459       0.1417       0.0609      10.7399       0.5063       0.8267       0.0973
1823+568   21     276.0295       1.3331       1.5138       0.6019      56.8504       0.3043       0.3742       0.1188
1823+689    7     275.8869       1.4599       0.6188       0.4478      68.9646       0.2941       0.1410       0.0934
1824-582    3     277.3017       5.1162       1.4911       0.5997     -58.2320       1.1832       0.3840       0.3171
1830+285    4     278.2091       1.4067       0.2826       0.2633      28.5600       0.5022       0.1422       0.0307
1831-711    7     279.3696       3.2388       0.7523       0.5420     -71.1454       0.5943       0.1085       0.0812
1842+681    6     280.6402       2.0289       0.5026       0.7373      68.1570       0.3084       0.1864       0.2050
1845+797    5     280.5375       3.0098       0.9885       1.1070      79.7714       0.5946       0.2840       0.1384
1846+322    7     282.0920       1.0057       0.2514       0.1923      32.3174       0.3304       0.0861       0.0739
1849+670   16     282.3170       1.1641       1.6184       0.6265      67.0949       0.2667       0.2724       0.1181
1856+737    1     283.7387       1.7514       1.6184       0.0000      73.8555       0.3585       0.2724       0.0000
1901+319   11     285.7331       1.5091       1.1054       0.5147      31.9949       0.4007       0.4377       0.1185
1903-802    3     288.1667       2.0442       0.0741       0.0741     -80.1683       0.3981       0.1383       0.1383
1908-201   23     287.7902       2.4269       4.6017       0.5948     -20.1153       0.9727       0.3937       0.2806
1909+161    7     287.9927       0.9389       0.5310       0.2144      16.1964       0.4645       0.1596       0.0744
1920-211   13     290.8841       1.7210       3.5641       0.3711     -21.0759       0.5637       0.1373       0.1398
1921-293   32     291.2127       4.5913       3.0865       0.5556     -29.2417       1.1852       1.3792       0.1561
1923+210   19     291.4984       0.9989       0.8903       0.1517      21.1073       0.4456       0.2914       0.1076
1925-610    5     292.5257       3.9266       1.1530       1.4172     -60.9359       0.6236       0.2793       0.3071
1928+738   13     291.9521       3.7306       1.1746       1.0322      73.9671       0.7191       0.1481       0.1860
1929+226    9     292.8538       2.1216       6.2506       1.7106      22.7253       0.9334       1.9448       0.6690
1932+204    2     293.7936       0.9657       0.3657       0.3657      20.5317       0.7519       0.1483       0.1483
1933-400    9     294.3176       4.8007       1.0517       0.6497     -39.9671       0.7013       0.1806       0.1045
1935-692    8     295.1064       3.7071       0.6803       1.1784     -69.1325       0.6815       0.1452       0.2208
1936-155   16     294.8611       1.0093       0.6754       0.3415     -15.4286       0.6473       0.3775       0.2628
1937-101    4     294.9886       1.0775       0.4104       0.9990     -10.0449       1.0059       0.1521       0.2426
1954+513   11     298.9281       5.2819       2.6878       3.2321      51.5302       1.1431       0.5954       0.6703
1954-388   20     299.4992       3.2915       1.0568       0.7655     -38.7518       0.6717       0.2140       0.1824
1958-179   27     300.2379       1.7560       0.8053       0.5916     -17.8160       0.6691       0.3514       0.1959
2000+148    4     300.6750       0.9294       5.7603       1.0035      15.0207       0.4794       2.1202       0.6087
2000+472    7     300.5434       1.1183       1.1261       0.2849      47.4247       0.2538       0.2985       0.0464
2002-375    5     301.4795      10.0276      10.5920       5.6322     -37.3949       1.7422       0.3362       0.2275
2005+403    2     301.9373       5.4276      10.5920       0.0000      40.4968       1.3005       0.3362       0.0000
2007+777   11     301.3792       3.6214       0.8329       0.8851      77.8787       0.6795       0.3726       0.1293
2008-159   15     302.8155       2.9462       2.3813       0.1488     -15.7778       0.5215       1.5918       0.0959
2013+163    6     304.0578       1.0180       0.5338       0.4109      16.5428       0.5629       0.3390       0.2536
2017+745    6     304.3045       5.4243       0.7343       0.5078      74.6800       0.4585       0.2337       0.1615
2021+317    4     305.8292       1.9130       0.3944       0.2622      31.8840       0.5156       0.0687       0.1135
2029+121    9     307.9791       2.0586       0.2813       0.3678      12.3282       1.6151       0.2239       0.1160
2037+511   29     309.6543       1.5340       1.7071       0.2812      51.3202       0.3141       0.6518       0.0697
2037-253    8     310.0366       2.8113       0.8047       0.4213     -25.1296       1.0833       0.3490       0.3416
2052-474   21     314.0682       5.7426      13.9642       1.1762     -47.2466       0.7635       1.1909       0.2550
2058-297    4     315.2569       3.1761       1.5170       1.6609     -29.5577       0.9707       0.4768       0.3409
2059+034   12     315.4118       0.3451       0.6135       0.0682       3.6920       0.6778       0.5073       0.0707
2106+143    3     317.1710       1.4470       0.4162       0.4356      14.5075       0.6524       0.2773       0.4331
2109-811    4     319.1285       3.1932       0.3368       0.4543     -80.8987       0.5611       0.0597       0.0907
2113+293   22     318.8726       1.4614       1.3982       0.2723      29.5607       0.4627       0.3663       0.1069
2123-463    4     321.6279       8.2485       2.2931       3.9254     -46.0966       1.4823       0.5496       1.0974
2126-158   20     322.3007       1.8904       1.0418       0.5404     -15.6447       1.0287       0.4184       0.2410
2127-096    7     322.5795       0.9878       0.3078       0.2661      -9.4604       0.9951       0.3644       0.4470
2131-021   15     323.5430       0.4443       1.1794       0.3843      -1.8881       0.6629       1.5010       0.3162
2136+141   22     324.7555       0.7695       0.5180       0.1357      14.3933       0.4218       0.1438       0.0811
2141+175    7     325.8981       0.6457       0.1930       0.1945      17.7302       0.2732       0.0786       0.0992
2142+110    5     326.3282       0.8431       0.6189       0.8878      11.2576       0.6789       0.4367       0.5326
2142-758    8     326.8030       2.6478       2.0423       1.6544     -75.6037       0.4391       0.3649       0.3103
2143-156   11     326.5957       4.0776       2.7324       0.3751     -15.4289       1.7097       0.8274       0.1951
2144+092    6     326.7923       0.7809       0.1627       0.1356       9.4963       0.5754       0.1316       0.1251
2145+082    2     326.9801       1.0384       0.1627       0.0000       8.5033       0.9924       0.1316       0.0000
2149+056   17     327.9078       0.7103       0.3647       0.2238       5.8703       0.8656       0.5909       0.2699
2149-307    7     327.9813       1.6948       1.0667       0.3490     -30.4649       0.4764       0.1591       0.1584
2150+173   11     328.1034       1.6314       0.7787       0.7648      17.5772       0.6780       0.3218       0.2975
2155+312    5     329.3701       2.1277       0.5654       0.6859      31.4504       0.6575       0.3646       0.2733
2155-152    8     329.5262       4.2779       1.3843       0.9967     -15.0193       2.7706       0.3952       0.5024
2155-304    6     329.7169       1.9706       7.6990       2.7672     -30.2256       0.9699       1.0056       0.4604
2200+420   29     330.6804       2.7593       5.6862       2.0844      42.2778       0.6761       1.1546       0.2832
2204-540    9     331.9322       4.7657       2.7269       2.2996     -53.7761       0.5784       0.5174       0.4745
2205+166    2     331.9703       2.9883       2.7269       0.0000      16.8716       0.9257       0.5174       0.0000
2208-137    6     332.8504       1.3601       0.2404       0.2565     -13.4694       0.7045       0.1480       0.1476
2209+236   15     333.0249       1.2791       6.7429       0.5140      23.9279       0.3469       3.8587       0.1374
2210-257    4     333.2604       2.2947       0.6636       0.2032     -25.4917       0.8240       0.1751       0.1667
2214+350    9     334.0834       1.5973       0.3527       0.3327      35.3039       0.3710       0.0960       0.1004
2215+150    7     334.5455       0.9009       0.3890       0.2471      15.3433       0.4103       0.1818       0.1132
2216-038   20     334.7168       0.7492       0.2065       0.0335      -3.5936       1.2684       0.8509       0.1265
2220-351    4     335.7747      14.5888       2.5612       3.0501     -34.9298       1.8005       0.4184       0.4479
2223-052   21     336.4469       0.3753       0.3214       0.0535      -4.9504       0.4585       0.3521       0.0767
2227-088   15     337.4170       0.5551       2.3385       0.2139      -8.5485       0.4059       2.2412       0.1771
2229+695   12     337.6520       2.7221       0.4963       0.3382      69.7745       0.4926       0.0441       0.0279
2230+114   15     338.1517       1.2441       2.1070       0.3273      11.7308       0.6534       0.6870       0.1676
2232-488   12     338.8052       5.2454      37.6314       3.7650     -48.5997       0.5292       0.5850       0.3006
2235+731    5     339.1608       2.5872       0.8738       0.9417      73.3813       0.4116       0.1295       0.1431
2236-572    7     339.8003       5.4059       6.0563       3.8554     -57.0169       0.6980       0.7187       0.5345
2239+096    2     340.4572       0.6684       6.0563       0.0000       9.8979       0.4782       0.7187       0.0000
2243+047    6     341.4736       0.4166       0.2648       0.1985       5.0158       0.6476       0.4815       0.3607
2243-123   25     341.5760       1.4989       1.6134       0.3774     -12.1142       0.9248       0.4462       0.2994
2244-372    9     341.7663       6.8657       2.7418       2.2559     -36.9629       1.2498       0.3360       0.3289
2245-328    6     342.1612       7.2570       7.4139       1.8303     -32.5978       1.0349       0.4239       0.3129
2250+190   13     343.2807       2.1045       9.1354       0.5934      19.7096       0.8437       1.4144       0.2233
2252-090    5     343.7677       0.7267       0.6282       1.2749      -8.7345       0.7650       0.5940       1.1568
2253+417    4     343.9029       3.4593       1.3775       1.4607      42.0479       0.6317       0.3208       0.3351
2254+024    5     344.3232       0.3530       0.4031       0.0063       2.7215       0.6984       1.0161       0.0280
2254+074    8     344.3221       0.5891       1.1225       0.5859       7.7201       0.5609       0.2408       0.6683
2255-282   26     344.5248       3.8888       3.3289       0.8946     -27.9726       0.8616       0.1632       0.1226
2300-683    9     345.9315       4.0876       1.0712       1.2042     -68.1271       0.5844       0.2008       0.2652
2307+106    6     347.6188       5.0629       1.5421       0.5828      10.9252       3.1349       0.7511       0.3864
2309+454    7     347.9475       1.5942       1.4100       0.9060      45.7322       0.2746       0.2948       0.1386
2312-319    6     348.7021       4.9984       2.1769       1.8258     -31.6443       1.3894       0.2896       0.2796
2318+049   20     350.1869       0.4824       0.1688       0.1343       5.2305       0.5026       0.1998       0.1099
2319+272    6     350.4994       1.5231       0.2914       0.2794      27.5462       0.3954       0.1419       0.0746
2319+317    7     350.4790       1.2765       6.2357       1.0468      32.0688       0.3321       0.0667       0.0509
2319+444    5     350.5848       3.8635       2.6344       1.2119      44.7618       0.8751       0.5626       0.3267
2320+506    4     350.6083       2.1162       0.5515       0.4543      50.9644       0.4696       0.0755       0.0794
2320-035   10     350.8831       0.8139       0.7374       0.2676      -3.2847       1.2478       0.7940       0.5601
2325+093    2     351.8899       0.8355       0.7374       0.0000       9.6693       0.2111       0.7940       0.0000
2325-150    4     351.9499       1.9260       1.7760       1.9389     -14.7988       1.2842       2.8418       2.8601
2326-477   12     352.3238       5.8236       5.5052       5.4552     -47.5053       0.6787       0.6825       1.0138
2329-162    8     352.9111       1.4981       0.5319       0.4310     -15.9492       0.4811       0.1923       0.1046
2329-384    8     352.9978       4.6397       2.6733       2.9181     -38.1966       1.2032       0.5287       0.3490
2331-240    2     353.4802       3.4169       0.6564       0.6564     -23.7280       1.2240       0.1246       0.1246
2333-415    4     354.1416      10.9848       0.5629       0.5293     -41.2561       1.3334       0.0863       0.1018
2335-027   12     354.4889       0.5233       0.1078       0.0496      -2.5160       0.7731       1.2434       0.2115
2344+092    3     356.6535       0.7882       2.3240       0.2078       9.5126       0.6777       0.0505       0.0481
2344-514    4     356.8328      10.5837       6.9407       5.0065     -51.1767       1.4391       0.7432       0.7260
2345-167   10     357.0109       2.4598       0.3049       0.0727     -16.5200       1.0719       0.1561       0.0463
2351+456    6     358.5903       2.9357       0.7376       1.3104      45.8845       0.6888       0.1993       0.2464
2351-154    7     358.6258       1.9966       0.8490       0.4453     -15.2198       0.9139       0.4899       0.3853
2353+816    2     359.0950       7.2428       0.8490       0.0000      81.8812       1.0682       0.4899       0.0000
2353-686    8     359.0028       3.6255       2.9999       1.3142     -68.3343       0.5558       0.1439       0.1191
2355-106   21     359.5453       2.6452       0.9849       0.5244     -10.3357       1.1147       0.6443       0.2579
2355-534    8     359.4719       4.5850       3.0868       1.2750     -53.1871       0.9099       0.4496       0.1409
2356+385   18     359.8883       2.0787       0.3411       0.3755      38.8451       0.5237       0.0699       0.0735
2357-318    7     359.8979      16.3833       5.8331       4.9148     -31.5622       2.9085       0.6312       0.5032
2358+189    7       0.2859       0.6266       0.1889       0.2155      19.2427       3.2633       0.7955       0.4458
