100    2.2301    1.22    -0.6223    0.2290    -2.1293    0.70    0.76    0.66
101    2.2364    1.22    -0.5896    0.2392    -2.1440    0.70    0.76    0.66
102    2.1957    1.22    -0.6686    0.2613    -2.0750    0.70    0.75    0.66
103    1.9385    1.20    -0.4716    0.2822    -1.8589    0.69    0.75    0.64
104    1.9522    1.20    -0.4789    0.2710    -1.8730    0.69    0.75    0.64
105    2.1284    1.20    -0.4421    0.2843    -2.0624    0.69    0.74    0.63
106    1.9029    1.19    -0.2622    0.2889    -1.8625    0.69    0.74    0.63
107    2.0044    1.18    -0.2739    0.2004    -1.9754    0.69    0.73    0.62
108    1.9783    1.18    -0.2316    0.1900    -1.9555    0.69    0.73    0.62
109    2.0448    1.18    -0.2476    0.1954    -2.0203    0.69    0.73    0.62
110    2.1098    1.17    -0.3683    0.2288    -2.0648    0.68    0.73    0.62
111    2.1267    1.17    -0.3633    0.1342    -2.0912    0.68    0.72    0.61
112    2.0787    1.17    -0.3091    0.1253    -2.0517    0.68    0.72    0.61
113    2.1605    1.17    -0.2492    0.0983    -2.1438    0.68    0.72    0.61
114    2.1962    1.16    -0.3342    0.0716    -2.1695    0.68    0.72    0.61
115    2.1927    1.16    -0.3369    0.0412    -2.1662    0.68    0.72    0.61
116    2.1593    1.16    -0.3131    0.0305    -2.1363    0.68    0.72    0.61
117    2.0868    1.16    -0.3546    -0.0198    -2.0563    0.68    0.72    0.61
118    2.0175    1.16    -0.2968    -0.0448    -1.9950    0.68    0.72    0.61
119    2.1377    1.16    -0.2779    0.0071    -2.1195    0.68    0.72    0.61
120    2.1406    1.16    -0.3032    0.0207    -2.1190    0.68    0.72    0.61
121    2.1464    1.16    -0.3071    -0.0217    -2.1242    0.68    0.72    0.61
122    2.2571    1.16    -0.2356    -0.0811    -2.2433    0.68    0.72    0.60
123    2.2475    1.16    -0.2496    -0.1030    -2.2312    0.68    0.72    0.60
124    2.2212    1.15    -0.2157    -0.1592    -2.2050    0.68    0.72    0.60
125    2.1897    1.15    -0.2304    -0.1898    -2.1692    0.68    0.72    0.60
126    2.1198    1.15    -0.1748    -0.1204    -2.1091    0.67    0.71    0.60
127    2.1143    1.15    -0.1942    -0.1285    -2.1015    0.67    0.71    0.60
128    2.1946    1.15    -0.1790    -0.0590    -2.1865    0.67    0.71    0.60
129    2.2195    1.15    -0.1378    -0.0282    -2.2150    0.67    0.71    0.60
130    2.0901    1.15    -0.0922    0.0664    -2.0871    0.67    0.71    0.60
131    2.1220    1.15    -0.0786    0.0836    -2.1188    0.67    0.71    0.60
132    2.0651    1.15    -0.0740    0.0440    -2.0633    0.67    0.71    0.60
133    2.0554    1.15    -0.0501    0.0274    -2.0546    0.67    0.71    0.60
134    2.0797    1.14    -0.0977    0.0318    -2.0771    0.67    0.71    0.60
135    2.1052    1.14    -0.1558    0.0002    -2.0994    0.67    0.71    0.59
136    2.0511    1.14    -0.1603    0.0552    -2.0441    0.67    0.71    0.59
137    2.0761    1.13    -0.1902    -0.0840    -2.0657    0.67    0.70    0.59
138    2.0045    1.13    -0.3377    -0.0856    -1.9740    0.67    0.70    0.59
139    2.0322    1.12    -0.1938    0.0017    -2.0229    0.66    0.70    0.58
140    2.0309    1.12    -0.2318    -0.0003    -2.0176    0.66    0.70    0.58
141    2.1582    1.10    -0.1591    -0.1733    -2.1454    0.66    0.68    0.55
142    2.3113    0.97    -0.4818    -0.0715    -2.2594    0.57    0.58    0.52
143    2.3822    0.97    -0.4337    -0.0893    -2.3407    0.57    0.58    0.52
144    2.3887    0.97    -0.4284    -0.0944    -2.3481    0.57    0.58    0.52
145    2.4032    0.97    -0.4397    -0.0836    -2.3612    0.57    0.58    0.52
146    2.3999    0.96    -0.5240    0.0597    -2.3412    0.57    0.58    0.51
147    2.3882    0.95    -0.5194    0.1228    -2.3278    0.57    0.58    0.51
148    2.3850    0.95    -0.5083    0.1264    -2.3268    0.57    0.58    0.51
149    2.4671    0.95    -0.5450    0.1412    -2.4020    0.56    0.57    0.51
150    2.4500    0.95    -0.5661    0.0872    -2.3821    0.56    0.57    0.51
151    2.6550    0.91    -0.3422    0.1174    -2.6303    0.53    0.57    0.46
152    2.6498    0.91    -0.3673    0.1013    -2.6222    0.53    0.57    0.46
153    2.6668    0.91    -0.3128    0.0497    -2.6479    0.53    0.57    0.46
154    2.6872    0.91    -0.2871    0.0981    -2.6700    0.53    0.57    0.46
155    2.6003    0.91    -0.3546    0.0780    -2.5748    0.53    0.57    0.46
156    2.5897    0.90    -0.3719    0.0892    -2.5613    0.53    0.57    0.46
157    2.5858    0.90    -0.3743    0.0834    -2.5572    0.53    0.57    0.46
158    2.5351    0.90    -0.3129    0.1621    -2.5105    0.53    0.57    0.46
159    2.5256    0.90    -0.3241    0.1570    -2.4997    0.53    0.57    0.46
160    2.5757    0.90    -0.2896    0.1678    -2.5539    0.53    0.57    0.46
161    2.5659    0.90    -0.2846    0.1557    -2.5453    0.53    0.57    0.46
162    2.5809    0.90    -0.3190    0.1025    -2.5591    0.53    0.57    0.46
163    2.7144    0.90    -0.3499    0.0543    -2.6912    0.53    0.57    0.45
164    2.7282    0.90    -0.3398    0.1126    -2.7046    0.53    0.57    0.45
165    2.7289    0.90    -0.3567    0.1135    -2.7031    0.53    0.57    0.45
166    2.7383    0.90    -0.3714    0.1638    -2.7080    0.53    0.57    0.45
167    2.8797    0.89    -0.4296    0.1910    -2.8410    0.53    0.56    0.45
168    2.8157    0.89    -0.3717    0.1523    -2.7869    0.53    0.56    0.45
169    2.8177    0.89    -0.3809    0.1543    -2.7876    0.53    0.56    0.45
170    2.9118    0.89    -0.3068    0.2179    -2.8874    0.52    0.56    0.45
171    2.9524    0.89    -0.3078    0.2496    -2.9257    0.52    0.56    0.44
172    2.8700    0.89    -0.3087    0.3517    -2.8316    0.52    0.56    0.44
173    2.9309    0.89    -0.3634    0.3863    -2.8825    0.52    0.56    0.44
174    2.9682    0.88    -0.4158    0.3963    -2.9121    0.52    0.56    0.44
175    2.9649    0.88    -0.4215    0.3800    -2.9101    0.52    0.56    0.44
176    2.9141    0.88    -0.4408    0.4007    -2.8526    0.52    0.56    0.44
177    2.9078    0.88    -0.4609    0.4136    -2.8411    0.52    0.56    0.44
178    2.9250    0.88    -0.5151    0.3700    -2.8555    0.52    0.56    0.44
179    2.9111    0.88    -0.4535    0.3426    -2.8551    0.52    0.56    0.44
180    2.8016    0.88    -0.4366    0.3676    -2.7428    0.52    0.56    0.44
181    2.8141    0.88    -0.4434    0.4048    -2.7493    0.52    0.56    0.44
182    2.7972    0.88    -0.4351    0.4554    -2.7254    0.52    0.56    0.44
183    2.8795    0.88    -0.4505    0.4448    -2.8091    0.52    0.56    0.44
184    2.3613    0.87    -0.5190    0.6497    -2.2100    0.52    0.55    0.42
185    2.3621    0.87    -0.4865    0.6411    -2.2208    0.52    0.55    0.42
186    2.3521    0.87    -0.5158    0.6009    -2.2148    0.52    0.55    0.42
187    2.3157    0.87    -0.4904    0.6100    -2.1794    0.52    0.55    0.42
188    2.4235    0.86    -0.4106    0.6805    -2.2895    0.51    0.55    0.42
189    2.5265    0.86    -0.3204    0.7670    -2.3858    0.51    0.55    0.41
190    2.5042    0.85    -0.2257    0.8051    -2.3604    0.51    0.55    0.41
191    2.4728    0.85    -0.2271    0.8100    -2.3253    0.51    0.55    0.41
192    2.5076    0.85    -0.2148    0.8335    -2.3553    0.51    0.55    0.41
193    2.5521    0.76    -0.5854    1.6048    -1.8961    0.45    0.48    0.39
194    2.5513    0.76    -0.5900    1.6007    -1.8970    0.45    0.48    0.39
195    2.5496    0.76    -0.5845    1.5906    -1.9050    0.45    0.48    0.39
196    2.5302    0.76    -0.5617    1.5896    -1.8867    0.45    0.48    0.39
197    2.5498    0.76    -0.5991    1.6015    -1.8915    0.45    0.48    0.39
198    2.5553    0.76    -0.6003    1.6269    -1.8768    0.45    0.48    0.39
199    2.5328    0.76    -0.6215    1.6146    -1.8499    0.45    0.48    0.39
200    2.6021    0.76    -0.6543    1.6629    -1.8914    0.45    0.47    0.39
201    2.6601    0.76    -0.5906    1.7579    -1.9072    0.45    0.47    0.39
202    2.6731    0.76    -0.5184    1.7820    -1.9238    0.45    0.47    0.39
203    2.7859    0.76    -0.5179    1.8555    -2.0125    0.45    0.47    0.39
204    2.8308    0.76    -0.5452    1.8686    -2.0553    0.45    0.47    0.38
205    2.7877    0.75    -0.5429    1.8054    -2.0535    0.45    0.47    0.38
206    2.7787    0.75    -0.5338    1.7434    -2.0968    0.45    0.47    0.38
207    2.8316    0.75    -0.5466    1.7876    -2.1269    0.45    0.47    0.38
208    2.8990    0.74    -0.4453    1.7015    -2.3046    0.45    0.46    0.37
209    2.8882    0.74    -0.4161    1.7192    -2.2831    0.45    0.46    0.37
210    2.8865    0.74    -0.4155    1.7121    -2.2865    0.45    0.46    0.37
211    3.0134    0.74    -0.4088    1.7782    -2.3983    0.45    0.46    0.37
212    2.9838    0.74    -0.3944    1.7573    -2.3790    0.45    0.46    0.37
213    2.9641    0.74    -0.3965    1.7104    -2.3882    0.45    0.46    0.37
214    2.9690    0.74    -0.4197    1.7257    -2.3793    0.45    0.46    0.37
215    3.0249    0.74    -0.3830    1.6938    -2.4767    0.44    0.46    0.37
216    3.0203    0.74    -0.3838    1.6840    -2.4777    0.44    0.46    0.37
217    2.9316    0.74    -0.4142    1.5592    -2.4478    0.44    0.46    0.37
218    2.9538    0.74    -0.4519    1.5426    -2.4781    0.44    0.46    0.37
219    3.2166    0.72    -0.4950    1.6919    -2.6905    0.44    0.45    0.35
220    3.1214    0.72    -0.5309    1.6797    -2.5768    0.44    0.45    0.35
221    3.0883    0.72    -0.5494    1.5957    -2.5864    0.44    0.45    0.35
222    3.0898    0.72    -0.5726    1.5794    -2.5931    0.44    0.45    0.35
223    3.0572    0.72    -0.6142    1.5832    -2.5422    0.44    0.45    0.35
224    3.1942    0.72    -0.6314    1.6395    -2.6676    0.44    0.45    0.35
225    3.1643    0.70    -0.6438    1.3726    -2.7775    0.43    0.44    0.34
226    3.1388    0.70    -0.6388    1.3222    -2.7741    0.43    0.44    0.34
227    3.1536    0.70    -0.5941    1.3521    -2.7865    0.43    0.44    0.34
228    3.1743    0.70    -0.5733    1.3346    -2.8225    0.43    0.44    0.34
229    3.1485    0.70    -0.5954    1.2987    -2.8057    0.43    0.44    0.34
230    3.0671    0.69    -0.9212    1.2798    -2.6306    0.42    0.43    0.33
231    3.0747    0.69    -0.9639    1.2311    -2.6474    0.42    0.43    0.33
232    3.0873    0.69    -0.9290    1.2852    -2.6489    0.42    0.43    0.33
233    3.0338    0.69    -0.9464    1.2240    -2.6096    0.42    0.43    0.33
234    3.0790    0.69    -0.9837    1.2283    -2.6465    0.42    0.43    0.33
235    2.9745    0.69    -0.9173    1.2069    -2.5593    0.42    0.43    0.33
236    2.9772    0.68    -0.8649    1.2615    -2.5542    0.42    0.43    0.33
237    2.9328    0.68    -0.8626    1.1269    -2.5666    0.42    0.42    0.33
238    2.8812    0.68    -0.7777    1.0822    -2.5544    0.42    0.42    0.33
239    2.9769    0.66    -1.0270    0.9657    -2.6219    0.41    0.42    0.31
240    3.0505    0.66    -1.0550    0.9097    -2.7139    0.41    0.42    0.31
241    3.1050    0.64    -1.1547    0.6692    -2.8036    0.40    0.40    0.31
242    3.1153    0.64    -1.1574    0.6429    -2.8199    0.40    0.40    0.31
243    3.0585    0.64    -1.0764    0.7005    -2.7757    0.40    0.40    0.31
244    3.0592    0.64    -1.0767    0.6953    -2.7778    0.40    0.40    0.31
245    3.0750    0.64    -1.1022    0.7245    -2.7777    0.40    0.40    0.31
246    3.0176    0.64    -1.0808    0.8112    -2.6982    0.39    0.40    0.31
247    2.9996    0.64    -1.0825    0.8459    -2.6665    0.39    0.40    0.31
248    3.0209    0.64    -1.0784    0.8742    -2.6830    0.39    0.40    0.31
249    2.9796    0.64    -1.0629    0.7453    -2.6819    0.39    0.40    0.31
250    2.9998    0.64    -1.0790    0.7547    -2.6954    0.39    0.40    0.31
251    2.8610    0.64    -1.0042    0.7006    -2.5858    0.39    0.40    0.31
252    2.8351    0.64    -0.9799    0.6857    -2.5705    0.39    0.40    0.31
253    2.8318    0.64    -1.0619    0.6458    -2.5445    0.39    0.40    0.31
254    2.8955    0.64    -1.1478    0.6323    -2.5820    0.39    0.40    0.31
255    2.9772    0.64    -1.2001    0.6108    -2.6552    0.39    0.40    0.31
256    2.9874    0.64    -1.2128    0.6144    -2.6601    0.39    0.40    0.31
257    3.0000    0.64    -1.2498    0.6063    -2.6590    0.39    0.40    0.31
258    2.9947    0.64    -1.2716    0.6023    -2.6436    0.39    0.40    0.31
259    2.9601    0.64    -1.2891    0.5486    -2.6076    0.39    0.40    0.31
260    2.9749    0.64    -1.2506    0.5795    -2.6363    0.39    0.40    0.31
261    2.9948    0.63    -1.3009    0.6276    -2.6235    0.39    0.40    0.31
262    3.0396    0.63    -1.3338    0.5829    -2.6684    0.39    0.40    0.31
263    3.0153    0.63    -1.3072    0.6021    -2.6497    0.39    0.40    0.31
264    2.7712    0.63    -1.1686    0.6488    -2.4275    0.39    0.39    0.30
265    2.8858    0.63    -1.2722    0.6736    -2.5011    0.39    0.39    0.30
266    3.0015    0.63    -1.4290    0.6551    -2.5568    0.38    0.39    0.30
267    2.9980    0.63    -1.4350    0.6307    -2.5555    0.38    0.39    0.30
268    3.0552    0.62    -1.4252    0.5599    -2.6438    0.38    0.39    0.30
269    3.0753    0.62    -1.4577    0.5243    -2.6566    0.38    0.39    0.30
270    3.0985    0.62    -1.4415    0.5571    -2.6856    0.38    0.39    0.30
271    3.0864    0.62    -1.5203    0.6039    -2.6172    0.38    0.39    0.30
272    3.1110    0.62    -1.5216    0.6322    -2.6388    0.38    0.39    0.30
273    3.0897    0.62    -1.4835    0.5619    -2.6514    0.38    0.39    0.30
274    3.1123    0.62    -1.4839    0.5274    -2.6844    0.38    0.39    0.30
275    3.1407    0.62    -1.5334    0.4948    -2.6959    0.38    0.39    0.30
276    3.1567    0.62    -1.5124    0.4952    -2.7262    0.38    0.39    0.30
277    3.1344    0.62    -1.4741    0.4770    -2.7247    0.38    0.39    0.30
278    3.1354    0.62    -1.4745    0.4471    -2.7307    0.38    0.39    0.30
279    3.1549    0.62    -1.4946    0.4729    -2.7378    0.38    0.39    0.30
280    3.2873    0.62    -1.3934    0.4566    -2.9421    0.38    0.39    0.29
281    3.3177    0.61    -1.4606    0.4362    -2.9468    0.38    0.39    0.29
282    3.3217    0.61    -1.4792    0.4241    -2.9437    0.38    0.39    0.29
283    3.3206    0.61    -1.4773    0.4561    -2.9387    0.38    0.39    0.29
284    3.3134    0.61    -1.4947    0.4649    -2.9204    0.38    0.39    0.29
285    3.3804    0.61    -1.5772    0.5055    -2.9468    0.38    0.38    0.29
286    3.2108    0.61    -1.5264    0.4861    -2.7826    0.38    0.38    0.29
287    3.1262    0.60    -1.0267    0.1884    -2.9468    0.37    0.38    0.29
288    3.1298    0.60    -1.0622    0.1825    -2.9384    0.37    0.38    0.29
289    3.1318    0.60    -1.0472    0.2280    -2.9427    0.37    0.38    0.29
290    3.1067    0.60    -1.1111    0.1909    -2.8949    0.37    0.38    0.28
291    3.0937    0.60    -1.1673    0.0865    -2.8637    0.37    0.37    0.28
292    3.0825    0.60    -1.1896    0.0875    -2.8423    0.37    0.37    0.28
293    3.0826    0.60    -1.1809    0.0692    -2.8467    0.37    0.37    0.28
294    3.2181    0.60    -1.0531    0.2088    -3.0338    0.37    0.37    0.28
295    3.1925    0.60    -1.1081    0.1198    -2.9916    0.37    0.37    0.28
296    3.1995    0.60    -1.1091    0.1272    -2.9984    0.37    0.37    0.28
297    3.3419    0.59    -1.2221    0.2252    -3.1022    0.37    0.37    0.28
298    3.2446    0.59    -1.2790    0.0833    -2.9808    0.36    0.37    0.28
299    3.2675    0.59    -1.3169    0.0803    -2.9893    0.36    0.37    0.28
300    3.3195    0.59    -1.2885    0.1334    -3.0563    0.36    0.37    0.28
301    3.3802    0.59    -1.3437    0.2048    -3.0949    0.36    0.37    0.28
302    3.3755    0.59    -1.3321    0.2256    -3.0933    0.36    0.37    0.28
303    3.4068    0.59    -1.3978    0.1708    -3.1021    0.36    0.37    0.28
304    3.4347    0.59    -1.4201    0.1471    -3.1239    0.36    0.37    0.28
305    3.5521    0.58    -1.5494    -0.0363    -3.1962    0.36    0.36    0.28
306    3.5052    0.58    -1.5593    -0.0125    -3.1393    0.36    0.36    0.28
307    3.4083    0.58    -2.0334    0.3467    -2.7132    0.36    0.36    0.28
308    3.4096    0.58    -2.0286    0.3621    -2.7165    0.36    0.36    0.28
309    3.4395    0.58    -2.1122    0.3194    -2.6957    0.36    0.36    0.28
310    3.4439    0.58    -2.1183    0.2527    -2.7036    0.36    0.36    0.28
311    3.4627    0.58    -2.1632    0.2456    -2.6927    0.36    0.36    0.28
312    3.5872    0.58    -2.1530    0.2379    -2.8594    0.36    0.36    0.27
313    3.5638    0.58    -2.1255    0.2517    -2.8495    0.36    0.36    0.27
314    3.5255    0.57    -1.9598    0.3952    -2.9038    0.35    0.36    0.27
315    3.5756    0.57    -2.3298    0.3936    -2.6837    0.35    0.36    0.27
316    3.6114    0.57    -2.3418    0.4098    -2.7185    0.35    0.36    0.27
317    3.7276    0.57    -2.4239    0.3206    -2.8137    0.35    0.36    0.27
318    3.8758    0.57    -2.4009    0.4274    -3.0124    0.35    0.35    0.27
319    3.7814    0.57    -2.3912    0.2346    -2.9199    0.35    0.35    0.27
320    3.7989    0.57    -2.4178    0.1910    -2.9239    0.35    0.35    0.27
321    3.5083    0.49    -1.6834    1.1270    -2.8643    0.29    0.29    0.27
322    3.3855    0.49    -1.6517    1.0708    -2.7544    0.29    0.29    0.27
323    3.4283    0.49    -1.7365    1.0506    -2.7630    0.29    0.29    0.27
324    3.4507    0.49    -1.7575    1.0810    -2.7658    0.29    0.29    0.27
325    3.4375    0.49    -1.7533    1.0722    -2.7555    0.29    0.29    0.27
326    3.4547    0.49    -1.7983    1.0722    -2.7480    0.29    0.29    0.27
327    3.5287    0.49    -1.9185    1.1857    -2.7138    0.29    0.29    0.27
328    3.5587    0.49    -1.9502    1.2152    -2.7174    0.29    0.29    0.26
329    3.6201    0.49    -2.0436    1.2756    -2.7022    0.29    0.29    0.26
330    3.5457    0.49    -2.1095    1.2796    -2.5466    0.29    0.29    0.26
331    3.5033    0.49    -2.0763    1.3552    -2.4749    0.29    0.29    0.26
332    3.5465    0.49    -2.0860    1.3952    -2.5060    0.29    0.29    0.26
333    3.5447    0.49    -2.0986    1.3722    -2.5056    0.29    0.29    0.26
334    3.5005    0.48    -2.1972    1.3928    -2.3423    0.29    0.29    0.26
335    3.8234    0.48    -2.3592    1.6002    -2.5480    0.29    0.29    0.26
336    3.8198    0.48    -2.3373    1.5922    -2.5676    0.29    0.29    0.26
337    3.8643    0.48    -2.3684    1.5984    -2.6017    0.29    0.29    0.26
338    3.8408    0.48    -2.4309    1.5637    -2.5294    0.29    0.29    0.26
339    3.8078    0.48    -2.4038    1.6069    -2.4777    0.29    0.29    0.26
340    3.8302    0.48    -2.4221    1.5970    -2.5007    0.29    0.29    0.26
341    3.8180    0.48    -2.3961    1.5288    -2.5492    0.29    0.28    0.26
342    3.8385    0.48    -2.3838    1.4925    -2.6123    0.29    0.28    0.26
343    3.7994    0.48    -2.3660    1.5800    -2.5182    0.29    0.28    0.26
344    3.8210    0.48    -2.3593    1.5980    -2.5456    0.29    0.28    0.26
345    3.4392    0.44    -2.4483    0.6876    -2.3154    0.26    0.26    0.25
346    3.4507    0.44    -2.4264    0.7302    -2.3423    0.26    0.26    0.25
347    3.5069    0.44    -2.4584    0.4548    -2.4591    0.26    0.26    0.25
348    3.5123    0.44    -2.4733    0.4601    -2.4511    0.26    0.26    0.25
349    3.5864    0.44    -2.5751    0.4038    -2.4633    0.26    0.25    0.25
350    3.6074    0.44    -2.5983    0.4268    -2.4657    0.26    0.25    0.25
351    3.2283    0.44    -2.3027    0.4766    -2.2119    0.26    0.25    0.25
352    3.2504    0.43    -2.3227    0.4509    -2.2286    0.26    0.25    0.24
353    3.3003    0.43    -2.3903    0.4539    -2.2299    0.25    0.25    0.24
354    3.2962    0.43    -2.3857    0.4677    -2.2259    0.25    0.25    0.24
355    3.4526    0.43    -2.4121    0.8014    -2.3366    0.25    0.25    0.24
356    3.4872    0.43    -2.3838    0.8229    -2.4085    0.25    0.25    0.24
357    3.5449    0.43    -2.5457    0.8230    -2.3256    0.25    0.25    0.24
358    3.7403    0.43    -2.6422    0.7563    -2.5370    0.25    0.25    0.24
359    3.9965    0.43    -2.8479    1.0519    -2.5990    0.25    0.25    0.24
360    4.0040    0.43    -2.8394    1.0491    -2.6210    0.25    0.25    0.24
361    3.9966    0.42    -2.8840    0.8393    -2.6364    0.25    0.24    0.23
362    3.8822    0.42    -2.9423    0.7490    -2.4194    0.25    0.24    0.23
363    4.1047    0.42    -3.1130    0.7861    -2.5574    0.25    0.24    0.23
364    4.0066    0.41    -3.0098    0.7599    -2.5332    0.24    0.24    0.23
365    4.0208    0.41    -3.0684    0.8596    -2.4521    0.24    0.24    0.23
366    3.9701    0.41    -3.0518    0.8896    -2.3785    0.24    0.24    0.23
367    4.0797    0.41    -3.0889    0.9798    -2.4785    0.24    0.24    0.23
368    4.0832    0.41    -3.0906    0.9783    -2.4826    0.24    0.24    0.23
369    4.1089    0.41    -3.0974    1.0046    -2.5060    0.24    0.24    0.23
370    4.0772    0.41    -3.1250    0.9309    -2.4477    0.24    0.24    0.23
371    3.7110    0.41    -2.4282    1.6166    -2.2939    0.24    0.24    0.23
372    3.7821    0.41    -2.4731    1.6280    -2.3532    0.24    0.24    0.23
373    3.7475    0.41    -2.4607    1.6049    -2.3265    0.24    0.24    0.23
374    3.7079    0.41    -2.4692    1.5928    -2.2615    0.24    0.24    0.23
375    4.1968    0.41    -2.3105    2.6842    -2.2517    0.24    0.24    0.23
376    4.2256    0.41    -2.3135    2.6979    -2.2858    0.24    0.24    0.23
377    4.2328    0.41    -2.3513    2.6931    -2.2661    0.24    0.24    0.23
378    4.2473    0.41    -2.3758    2.6804    -2.2827    0.24    0.24    0.23
379    4.2997    0.41    -2.3971    2.7657    -2.2566    0.24    0.24    0.23
380    4.2747    0.41    -2.3966    2.7598    -2.2164    0.24    0.24    0.23
381    4.2628    0.41    -2.3929    2.7428    -2.2189    0.24    0.24    0.23
382    3.6759    0.40    -1.9078    2.6348    -1.7118    0.23    0.24    0.22
383    3.9399    0.40    -2.0476    2.9329    -1.6517    0.23    0.24    0.22
384    3.9568    0.40    -2.0627    2.9377    -1.6648    0.23    0.24    0.22
385    3.9630    0.38    -2.3011    2.7224    -1.7319    0.22    0.23    0.22
386    3.9789    0.38    -2.3477    2.7322    -1.6898    0.22    0.23    0.22
387    3.9862    0.38    -2.5259    2.6167    -1.6316    0.22    0.23    0.22
388    3.9813    0.38    -2.5085    2.6105    -1.6563    0.22    0.23    0.22
389    3.9591    0.38    -2.4942    2.5843    -1.6656    0.22    0.23    0.22
390    3.6770    0.38    -2.4103    2.3321    -1.5071    0.22    0.23    0.21
391    4.0794    0.38    -2.6309    2.7636    -1.4430    0.22    0.22    0.21
392    4.0774    0.38    -2.6553    2.7512    -1.4163    0.22    0.22    0.21
393    3.9756    0.38    -2.5849    2.6921    -1.3700    0.22    0.22    0.21
394    3.7461    0.38    -2.7222    2.3729    -0.9959    0.22    0.22    0.21
395    4.9713    0.37    -3.8109    2.6207    -1.8230    0.22    0.22    0.21
396    4.9821    0.37    -3.8095    2.6285    -1.8438    0.22    0.22    0.20
397    5.0943    0.37    -3.8998    2.6679    -1.9043    0.22    0.22    0.20
398    5.0600    0.37    -3.8881    2.6507    -1.8601    0.22    0.22    0.20
399    4.8702    0.37    -3.6425    2.7430    -1.7111    0.22    0.22    0.20
400    4.8738    0.37    -3.6388    2.7465    -1.7233    0.22    0.22    0.20
401    4.8573    0.37    -3.5882    2.8001    -1.6962    0.22    0.22    0.20
402    4.8739    0.37    -3.5846    2.8358    -1.6920    0.22    0.22    0.20
403    5.0709    0.37    -3.6429    3.1734    -1.5403    0.22    0.22    0.20
404    5.1019    0.37    -3.6598    3.1818    -1.5850    0.22    0.22    0.20
405    5.1940    0.37    -3.6986    3.2709    -1.6122    0.22    0.22    0.20
406    5.1956    0.37    -3.6805    3.3578    -1.4740    0.21    0.22    0.20
407    5.2541    0.37    -3.6905    3.4030    -1.5509    0.21    0.22    0.20
408    5.0106    0.36    -3.4679    3.2813    -1.5210    0.21    0.22    0.20
409    5.0989    0.36    -3.3651    3.5179    -1.5161    0.21    0.21    0.20
410    5.2127    0.36    -3.3873    3.5158    -1.8267    0.21    0.21    0.20
411    5.2556    0.36    -3.3919    3.5641    -1.8476    0.21    0.21    0.20
412    4.9791    0.36    -3.3755    3.2480    -1.6876    0.21    0.21    0.19
413    4.9553    0.36    -3.3428    3.2256    -1.7250    0.21    0.21    0.19
414    4.8187    0.36    -3.2618    3.1050    -1.7146    0.21    0.21    0.19
415    4.8440    0.35    -3.1525    2.9638    -2.1777    0.21    0.21    0.19
416    4.8540    0.35    -3.1289    2.9520    -2.2488    0.21    0.21    0.19
417    4.5056    0.35    -2.8654    2.6861    -2.2079    0.21    0.21    0.19
418    4.4843    0.35    -2.9157    2.6724    -2.1132    0.21    0.21    0.19
419    4.5052    0.35    -2.9215    2.6922    -2.1247    0.21    0.21    0.19
420    4.5459    0.35    -2.9236    2.7728    -2.1046    0.21    0.21    0.19
421    4.6179    0.35    -2.9190    2.9106    -2.0818    0.21    0.21    0.19
422    4.6624    0.35    -2.9039    2.9344    -2.1667    0.21    0.21    0.19
423    4.6848    0.34    -2.8659    3.0053    -2.1685    0.20    0.20    0.18
424    4.7564    0.34    -2.9550    2.9833    -2.2341    0.20    0.20    0.18
425    4.7576    0.34    -2.9289    2.9730    -2.2842    0.20    0.20    0.18
426    4.7576    0.34    -2.9310    2.9372    -2.3275    0.20    0.20    0.18
427    4.7146    0.34    -2.9373    3.0375    -2.0911    0.20    0.20    0.18
428    4.7248    0.34    -2.9499    3.0285    -2.1095    0.20    0.20    0.18
429    4.6917    0.34    -2.9135    2.9794    -2.1557    0.20    0.20    0.18
430    4.6948    0.34    -2.9243    2.9505    -2.1871    0.20    0.20    0.18
431    4.8041    0.33    -2.9693    2.9079    -2.4098    0.20    0.20    0.18
432    4.8069    0.33    -2.9908    2.8972    -2.4016    0.20    0.20    0.18
433    4.8862    0.33    -2.7215    3.0761    -2.6469    0.20    0.20    0.18
434    4.9417    0.33    -2.7452    3.0902    -2.7083    0.20    0.20    0.18
435    4.9793    0.33    -2.7717    3.1260    -2.7092    0.20    0.20    0.18
436    5.3507    0.33    -2.9011    3.5050    -2.8159    0.20    0.20    0.17
437    5.2407    0.33    -2.9480    3.5182    -2.5290    0.20    0.19    0.17
438    5.1530    0.32    -2.9014    3.3893    -2.5784    0.20    0.19    0.17
439    5.1679    0.32    -2.9087    3.4247    -2.5531    0.20    0.19    0.17
440    5.2176    0.32    -2.8641    3.4685    -2.6439    0.20    0.19    0.17
441    5.1925    0.32    -2.8482    3.4501    -2.6355    0.20    0.19    0.17
442    5.2517    0.32    -2.9182    3.5378    -2.5591    0.20    0.19    0.17
443    5.2339    0.32    -2.9076    3.5306    -2.5444    0.20    0.19    0.17
444    5.2452    0.32    -2.9012    3.5761    -2.5113    0.20    0.19    0.17
445    5.1650    0.32    -2.8880    3.3908    -2.6152    0.20    0.19    0.17
446    5.1687    0.32    -2.8655    3.3805    -2.6602    0.20    0.19    0.17
447    5.1770    0.32    -2.8661    3.4055    -2.6437    0.20    0.19    0.17
448    5.0957    0.32    -2.9383    3.2771    -2.5677    0.20    0.19    0.17
449    5.1580    0.32    -2.9308    3.3222    -2.6417    0.20    0.19    0.17
450    5.1753    0.32    -2.9152    3.3547    -2.6516    0.20    0.19    0.17
451    4.5388    0.32    -2.3537    3.1377    -2.2838    0.19    0.19    0.16
452    4.5200    0.32    -2.2455    3.1188    -2.3793    0.19    0.19    0.16
453    4.6161    0.32    -2.2720    3.2127    -2.4134    0.19    0.19    0.16
454    4.6821    0.32    -2.2063    3.3640    -2.3955    0.19    0.19    0.16
455    4.7504    0.31    -2.3470    3.2228    -2.5828    0.19    0.19    0.16
456    4.7231    0.31    -2.3316    3.1960    -2.5802    0.19    0.19    0.16
457    4.8225    0.31    -1.3268    3.3755    -3.1785    0.19    0.19    0.15
458    4.9488    0.30    -1.3993    3.3125    -3.4000    0.18    0.19    0.14
459    4.8328    0.29    -1.1540    3.2592    -3.3767    0.17    0.18    0.14
460    4.8219    0.29    -1.1517    3.3080    -3.3138    0.17    0.18    0.14
461    4.8303    0.29    -1.1402    3.2977    -3.3403    0.17    0.18    0.14
462    4.8224    0.29    -1.1662    3.2460    -3.3702    0.17    0.18    0.14
463    4.8253    0.29    -1.2087    3.3003    -3.3061    0.17    0.18    0.14
464    4.8293    0.29    -1.2081    3.2820    -3.3303    0.17    0.18    0.14
465    4.8342    0.29    -1.2014    3.2841    -3.3378    0.17    0.18    0.14
466    4.8838    0.29    -1.2907    3.4045    -3.2550    0.17    0.18    0.14
467    4.9025    0.29    -1.2738    3.4244    -3.2689    0.17    0.18    0.14
468    4.9758    0.28    -1.5430    3.4766    -3.2079    0.17    0.18    0.14
469    4.6437    0.28    -0.7884    3.2961    -3.1746    0.17    0.18    0.14
470    4.6541    0.28    -0.7937    3.2948    -3.1898    0.17    0.18    0.14
471    4.6711    0.28    -0.9070    3.2800    -3.1997    0.17    0.18    0.14
472    4.9979    0.27    -1.7826    3.3542    -3.2483    0.17    0.18    0.13
473    5.0147    0.27    -1.7060    3.2279    -3.4376    0.16    0.17    0.13
474    5.0090    0.27    -1.6954    3.2357    -3.4272    0.16    0.17    0.13
475    5.3147    0.27    -1.6902    3.8142    -3.2925    0.16    0.17    0.13
476    5.3585    0.27    -1.6539    3.8701    -3.3167    0.16    0.17    0.13
477    5.3494    0.27    -1.8191    3.7963    -3.3008    0.16    0.17    0.13
478    5.3535    0.27    -1.5454    3.6150    -3.6336    0.16    0.17    0.13
479    5.3548    0.27    -1.5354    3.6134    -3.6415    0.16    0.17    0.13
480    5.2987    0.27    -1.6015    3.4443    -3.6943    0.16    0.17    0.13
481    5.3258    0.27    -1.6043    3.5220    -3.6587    0.16    0.17    0.13
482    5.3637    0.27    -1.5764    3.5634    -3.6860    0.16    0.17    0.13
483    5.3569    0.27    -1.5668    3.5496    -3.6935    0.16    0.17    0.13
484    5.3858    0.27    -1.5617    3.5328    -3.7534    0.16    0.17    0.13
485    5.4044    0.27    -1.5293    3.5486    -3.7784    0.16    0.17    0.13
486    5.3613    0.27    -1.4909    3.5143    -3.7643    0.16    0.17    0.13
487    5.1548    0.27    -1.4269    3.3391    -3.6587    0.16    0.17    0.13
488    5.1731    0.27    -1.4127    3.3501    -3.6800    0.16    0.17    0.13
489    5.1170    0.27    -1.3959    3.3038    -3.6497    0.16    0.17    0.13
490    5.1653    0.27    -1.4054    3.3229    -3.6964    0.16    0.17    0.13
491    4.9716    0.26    -1.4710    2.8757    -3.7793    0.16    0.17    0.13
492    5.1026    0.26    -1.5489    2.8962    -3.9051    0.16    0.17    0.12
493    5.0964    0.26    -1.6525    2.7829    -3.9368    0.16    0.17    0.12
494    5.0970    0.26    -1.6413    2.7700    -3.9513    0.16    0.17    0.12
495    5.2375    0.26    -1.7041    2.8792    -4.0296    0.16    0.17    0.12
496    5.3429    0.26    -1.7367    2.9783    -4.0817    0.16    0.16    0.12
497    5.3504    0.26    -1.7514    2.9585    -4.0996    0.16    0.16    0.12
498    5.3962    0.26    -1.7749    2.9569    -4.1504    0.16    0.16    0.12
499    5.4101    0.26    -1.9006    3.0779    -4.0228    0.16    0.16    0.12
500    5.4124    0.26    -1.9138    3.0730    -4.0234    0.16    0.16    0.12
501    5.4031    0.26    -1.8621    3.1655    -3.9631    0.16    0.16    0.12
502    5.4166    0.26    -1.8678    3.1547    -3.9873    0.16    0.16    0.12
503    5.4525    0.26    -1.8478    3.2932    -3.9332    0.16    0.16    0.12
504    5.4555    0.26    -1.8321    3.2972    -3.9414    0.16    0.16    0.12
505    5.4616    0.26    -1.8716    3.2647    -3.9583    0.16    0.16    0.12
506    5.4713    0.26    -1.8532    3.2578    -3.9860    0.16    0.16    0.12
507    5.5692    0.26    -1.9107    3.3949    -3.9800    0.16    0.16    0.12
508    5.5747    0.26    -1.8976    3.3870    -4.0006    0.16    0.16    0.12
509    5.5354    0.26    -1.9004    3.3346    -3.9887    0.16    0.16    0.12
510    5.5441    0.26    -1.9042    3.3130    -4.0168    0.16    0.16    0.12
511    5.8618    0.26    -2.0456    3.6578    -4.0984    0.16    0.16    0.12
512    5.9966    0.25    -1.8468    3.6124    -4.4157    0.16    0.16    0.12
513    6.0069    0.25    -1.8317    3.7192    -4.3469    0.16    0.16    0.12
514    6.0481    0.25    -1.7189    3.6892    -4.4737    0.16    0.16    0.12
515    6.0174    0.25    -1.7725    3.6446    -4.4479    0.15    0.16    0.12
516    5.9961    0.25    -1.7980    3.6242    -4.4255    0.15    0.16    0.12
517    6.7945    0.25    -2.0580    4.3596    -4.7878    0.15    0.16    0.11
518    6.7603    0.25    -2.0103    4.3230    -4.7929    0.15    0.16    0.11
519    6.7036    0.25    -2.0234    4.1864    -4.8289    0.15    0.16    0.11
520    6.7046    0.25    -2.0224    4.2142    -4.8065    0.15    0.16    0.11
521    6.8934    0.25    -2.0210    4.5598    -4.7585    0.15    0.16    0.11
522    6.8885    0.25    -2.0118    4.5515    -4.7632    0.15    0.16    0.11
523    7.1394    0.25    -2.1146    4.8226    -4.8211    0.15    0.16    0.11
524    7.1295    0.25    -2.1015    4.8761    -4.7579    0.15    0.16    0.11
525    7.4856    0.25    -2.4410    5.2651    -4.7281    0.15    0.16    0.11
526    7.4689    0.25    -2.3556    5.3326    -4.6690    0.15    0.16    0.11
527    7.6623    0.25    -2.4985    5.6114    -4.5804    0.15    0.16    0.11
528    7.5872    0.25    -2.0248    5.7243    -4.5495    0.15    0.16    0.11
529    7.9833    0.25    -2.2065    6.1682    -4.5627    0.15    0.16    0.11
530    8.0020    0.25    -2.1906    6.1927    -4.5699    0.15    0.16    0.11
531    8.2734    0.25    -2.2049    6.4583    -4.6775    0.15    0.16    0.11
532    8.3026    0.25    -2.2091    6.4968    -4.6738    0.15    0.16    0.11
533    8.7444    0.25    -2.5413    7.0562    -4.4963    0.15    0.16    0.11
534    8.7877    0.25    -2.5252    7.1857    -4.3833    0.15    0.16    0.11
535    8.8371    0.24    -2.5146    7.2127    -4.4438    0.15    0.16    0.11
536    8.9596    0.24    -2.6077    7.2809    -4.5236    0.15    0.16    0.11
537    8.9495    0.24    -2.6254    7.2742    -4.5041    0.15    0.16    0.11
538    8.9417    0.24    -2.6127    7.2384    -4.5535    0.15    0.16    0.11
539    8.9279    0.24    -2.5579    7.1815    -4.6465    0.15    0.16    0.11
540    8.9009    0.24    -2.5478    7.1239    -4.6887    0.15    0.16    0.11
541    8.9289    0.24    -2.5342    7.1516    -4.7072    0.15    0.16    0.11
542    8.9639    0.24    -2.5251    7.2023    -4.7013    0.15    0.16    0.11
543    9.1565    0.24    -2.5562    7.3901    -4.7638    0.15    0.16    0.11
544    9.1485    0.24    -2.5790    7.3702    -4.7670    0.15    0.16    0.11
545    9.2745    0.24    -2.5830    7.6237    -4.6068    0.15    0.16    0.11
546    9.2899    0.24    -2.6277    7.6318    -4.5992    0.15    0.16    0.11
547    9.3093    0.24    -2.6358    7.7051    -4.5107    0.15    0.16    0.11
548    9.3742    0.24    -2.7272    7.8582    -4.3227    0.15    0.16    0.11
549    9.3742    0.24    -2.7272    7.8582    -4.3227    0.15    0.16    0.11
