100    2.2567    -0.8418    -0.2009    -2.0842    3.2742    -3.2741    0.0147    0.0222
101    2.6628    -1.8762    1.0629    -1.5622    2.6787    -2.1202    1.5549    0.5120
102    2.8411    -2.4472    1.2138    -0.7808    3.4834    -2.7504    1.7488    1.2293
103    2.7961    -2.4179    1.4036    -0.0413    3.4759    -2.3832    1.7534    1.8243
104    2.5321    -2.0820    1.2685    -0.6838    3.0127    -2.2076    1.7092    1.1320
105    2.6071    -1.4043    1.0606    -1.9236    2.1963    -1.6273    1.4720    0.0919
106    2.4330    -2.0831    1.2471    -0.1573    3.2782    -2.3082    1.6395    1.6525
107    2.4056    -1.2830    0.6700    -1.9214    2.6158    -2.3209    1.2061    0.0355
108    1.9425    -0.4107    -0.1679    -1.8911    1.9786    -1.7572    0.7703    -0.4835
109    2.3042    -1.4609    0.6497    -1.6592    2.9367    -2.6605    1.1926    0.3520
110    2.3207    -1.8610    0.7377    -1.1738    3.2718    -2.9011    1.2291    0.8817
111    2.2975    -1.4858    0.4320    -1.6983    2.7948    -2.6092    0.9122    0.4133
112    2.1358    -1.5504    0.4411    -1.4011    2.9232    -2.6962    0.9129    0.6652
113    2.5205    -1.0390    0.2095    -2.2868    2.5298    -2.4334    0.6825    -0.1127
114    2.2601    -1.5368    0.2260    -1.6418    3.0898    -2.9464    0.7494    0.5513
115    2.1884    -1.5793    0.1911    -1.5028    3.0916    -2.9307    0.6898    0.7024
116    2.1122    -1.5952    0.1848    -1.3720    3.1262    -2.9439    0.6824    0.8003
117    2.1342    -0.6527    -0.3554    -2.0006    2.1577    -2.0737    0.5799    -0.1374
118    1.9562    -1.5389    0.1341    -1.2002    2.9391    -2.7363    0.6892    0.8224
119    2.3713    -1.1344    0.0442    -2.0818    2.5930    -2.5317    0.5553    0.0759
120    2.1470    -0.4266    -0.1737    -2.0970    1.1623    -0.9667    0.5132    -0.3910
121    2.1262    -1.4592    0.0702    -1.5449    2.9443    -2.8143    0.6065    0.6166
122    2.5177    -0.9615    -0.1653    -2.3210    2.4731    -2.4454    0.3681    -0.0284
123    2.1941    -1.4989    -0.0256    -1.6020    3.2115    -3.0781    0.6248    0.6696
124    2.1809    -1.4367    -0.1432    -1.6346    3.2870    -3.1818    0.5476    0.6170
125    2.2002    -1.5099    -0.1902    -1.5889    3.4344    -3.3298    0.5453    0.6407
126    2.1139    -1.4666    -0.1122    -1.5182    3.4464    -3.3365    0.5732    0.6453
127    2.1249    -0.1799    -0.4391    -2.0712    1.8451    -1.6890    0.3629    -0.6482
128    2.5201    -1.2233    -0.1442    -2.1986    3.3496    -3.3081    0.5231    0.0544
129    2.4355    -1.2189    -0.0845    -2.1068    3.3048    -3.2567    0.5344    0.1745
130    2.0567    -1.5962    0.1271    -1.2908    3.8424    -3.6807    0.6911    0.8594
131    2.1579    0.2524    -0.1409    -2.1384    1.4736    -1.1811    -0.1450    -0.8691
132    2.1001    0.2285    -0.1782    -2.0800    1.4549    -1.2037    -0.1397    -0.8051
133    2.1015    0.2759    -0.2110    -2.0726    1.5894    -1.3369    -0.1855    -0.8393
134    2.2918    -1.3545    -0.2005    -1.8378    3.9831    -3.9507    0.3775    0.3387
135    2.2557    -1.5061    -0.1690    -1.6707    4.0089    -3.9494    0.4387    0.5298
136    2.1224    -1.8275    0.0312    -1.0788    4.3372    -4.1619    0.6204    1.0510
137    2.1172    -1.7050    -0.2692    -1.2259    4.1995    -4.0756    0.3763    0.9402
138    2.3479    -2.3095    -0.1310    -0.4019    4.9001    -4.5612    0.5720    1.6967
139    1.9486    -1.7317    -0.0201    -0.8933    3.8045    -3.5679    0.4795    1.2306
140    2.0072    -1.9094    0.0372    -0.6179    3.9723    -3.6436    0.5551    1.4817
141    2.4553    -0.9164    -0.5016    -2.2219    2.8533    -2.8518    0.0883    0.0176
142    2.3488    -1.5408    -0.3103    -1.7455    3.1987    -3.1349    0.1760    0.6108
143    2.4619    -0.9643    -0.3666    -2.2354    2.2446    -2.1916    -0.3815    0.2988
144    2.3165    -1.0578    -0.3129    -2.0370    2.3783    -2.3028    -0.3132    0.5053
145    2.3734    -1.0742    -0.2976    -2.0953    2.3685    -2.3046    -0.2937    0.4609
146    2.2676    -1.3638    -0.0826    -1.8097    2.8436    -2.7275    -0.1342    0.7927
147    2.1079    -1.5309    0.0860    -1.4465    2.8735    -2.6729    0.0540    1.0533
148    2.1010    -1.4921    0.0683    -1.4776    2.8459    -2.6570    0.0189    1.0194
149    2.2695    -1.5200    0.0716    -1.6837    2.8275    -2.6795    0.0310    0.9024
150    2.0818    -1.6087    0.0424    -1.3208    3.0468    -2.7849    0.0215    1.2355
151    2.5235    -1.0277    -0.1235    -2.3015    2.5188    -2.4332    -0.2965    0.5794
152    1.9751    -1.4390    -0.0148    -1.3528    3.2161    -2.8891    -0.1301    1.4071
153    2.1180    -1.1352    -0.1783    -1.7791    2.7717    -2.5664    -0.2838    1.0076
154    2.1374    -1.1295    -0.0971    -1.8121    2.7417    -2.5501    -0.2202    0.9826
155    1.9670    -1.3063    -0.0632    -1.4692    2.9464    -2.6687    -0.1592    1.2385
156    2.0959    -1.2382    -0.0584    -1.6901    2.6939    -2.5003    -0.1372    0.9932
157    2.1002    -1.2354    -0.0721    -1.6969    2.6973    -2.5079    -0.1495    0.9817
158    1.9245    -1.2624    0.1168    -1.4479    2.7101    -2.4393    0.0174    1.1808
159    1.9643    -1.1710    0.0217    -1.5769    2.6261    -2.4087    -0.1371    1.0372
160    2.1099    -1.0327    -0.0122    -1.8399    2.4316    -2.2785    -0.1922    0.8272
161    1.9968    -1.1605    -0.0080    -1.6250    2.7575    -2.5479    -0.1681    1.0409
162    2.0895    -1.1374    -0.1400    -1.7471    2.7761    -2.5975    -0.2880    0.9366
163    2.4340    -1.1049    -0.2135    -2.1582    2.6579    -2.5579    -0.2816    0.6650
164    2.2689    -1.2767    -0.0109    -1.8756    2.8310    -2.6618    -0.0587    0.9622
165    2.2420    -1.3286    0.0316    -1.8056    2.8398    -2.6466    0.0036    1.0297
166    2.2893    -1.4141    0.1162    -1.7966    2.9489    -2.7541    0.0852    1.0505
167    2.7935    -1.2258    0.0526    -2.5097    2.4732    -2.4277    -0.0108    0.4722
168    2.4421    -1.2758    0.0869    -2.0805    2.6297    -2.4916    0.0528    0.8393
169    2.5598    -1.2556    0.1059    -2.2282    2.4988    -2.4008    0.1137    0.6834
170    2.8930    -1.5579    0.4590    -2.3940    2.8517    -2.6678    0.8134    0.5947
171    2.8757    -1.3640    0.3117    -2.5124    2.7741    -2.6868    0.4177    0.5500
172    2.2846    -0.7457    -0.1489    -2.1543    2.4060    -2.1361    -0.7761    0.7895
173    2.7181    -1.2412    0.3143    -2.3977    2.5418    -2.4659    0.1141    0.6059
174    2.7207    -1.2692    0.3226    -2.3848    2.4687    -2.3813    0.0963    0.6439
175    2.6693    -1.2417    0.3451    -2.3376    2.2879    -2.1805    0.1335    0.6799
176    2.5173    -1.3662    0.4206    -2.0721    2.4678    -2.2908    0.2140    0.8924
177    2.5728    -1.3656    0.4480    -2.1339    2.3802    -2.2222    0.2478    0.8159
178    2.5776    -1.3871    0.3810    -2.1389    2.3385    -2.1808    0.1944    0.8216
179    2.6107    -1.1615    0.2486    -2.3249    2.1066    -2.0100    0.0046    0.6304
180    2.2914    -1.2669    0.3431    -1.8782    2.3157    -2.1026    0.0849    0.9664
181    3.0426    -0.6914    -0.0087    -2.9630    1.7183    -1.6360    -0.5096    -0.1286
182    3.7116    -0.5983    0.2087    -3.6572    1.4421    -1.1745    -0.0636    -0.8344
183    2.8811    -1.2106    0.6574    -2.5304    1.7696    -1.6497    0.5700    0.2921
184    3.0662    -0.8849    0.2005    -2.9289    1.7253    -1.7027    -0.2759    -0.0378
185    3.1696    -0.4360    0.1257    -3.1370    1.6137    -1.2301    -0.6199    -0.8407
186    2.1072    -1.3627    0.6257    -1.4804    2.2589    -2.0897    0.2031    0.8333
187    1.9167    -1.6003    0.7546    -0.7373    2.7890    -2.2945    0.3319    1.5504
188    2.3973    -0.8749    0.4881    -2.1779    1.6602    -1.6489    -0.1774    0.0786
189    2.1746    -1.0263    0.5732    -1.8294    1.9631    -1.8834    -0.1463    0.5340
190    2.4848    -0.8978    0.7072    -2.2064    2.0322    -2.0149    0.0129    0.2647
191    2.2857    -0.4277    0.0064    -2.2454    2.6201    -2.2734    -1.2891    0.1870
192    2.8376    -0.6327    0.5591    -2.7090    1.8513    -1.8164    -0.1972    -0.2986
193    2.4668    -0.7850    0.6164    -2.2559    2.1878    -2.1708    -0.1928    0.1919
194    2.3292    -0.8887    1.5838    -1.4583    0.6348    -0.4653    -0.0009    0.4318
195    2.1013    -0.5734    1.2888    -1.5574    0.9682    -0.6158    -0.6682    0.3344
196    2.5312    -0.4795    1.4520    -2.0172    0.4398    -0.2814    -0.3126    -0.1286
197    2.2543    -0.8481    1.5063    -1.4470    0.7512    -0.5832    -0.1891    0.4341
198    2.2539    -0.9935    1.5680    -1.2785    0.8608    -0.6099    -0.0365    0.6063
199    2.2692    -1.0590    1.6212    -1.1831    0.9395    -0.6406    0.0232    0.6868
200    2.6182    -0.8914    1.5725    -1.8941    0.5691    -0.2553    0.1886    0.4723
201    2.5126    -1.0374    1.7751    -1.4443    0.8487    -0.7123    0.0883    0.4530
202    2.4911    -0.7941    1.7654    -1.5678    0.5946    -0.4805    -0.0106    0.3500
203    2.7570    -0.7676    1.8250    -1.9187    0.6293    -0.6221    -0.0443    0.0841
204    2.7203    -0.9376    1.8356    -1.7752    0.8899    -0.8485    -0.0360    0.2657
205    2.5511    -0.9020    1.7629    -1.6083    0.8207    -0.6925    -0.0627    0.4359
206    2.5911    -0.7557    1.6421    -1.8564    0.7325    -0.6647    -0.2052    0.2296
207    2.7198    -0.7820    1.7588    -1.9216    0.5487    -0.5098    -0.0418    0.1985
208    3.1968    -0.2303    1.6027    -2.7565    0.5585    -0.0652    -0.2600    -0.4900
209    2.8138    -0.4167    1.5971    -2.2789    0.4410    -0.3472    -0.2718    -0.0074
210    2.8421    -0.3823    1.5683    -2.3391    0.4963    -0.3673    -0.3272    -0.0658
211    3.3021    -0.2084    1.6580    -2.8480    0.5856    -0.1676    -0.3123    -0.4662
212    3.0214    -0.3252    1.6188    -2.5303    0.4941    -0.3333    -0.3253    -0.1652
213    3.1234    -0.2029    1.5626    -2.6967    0.5213    -0.1734    -0.3724    -0.3210
214    3.1089    -0.2759    1.6026    -2.6496    0.4596    -0.1931    -0.3074    -0.2819
215    3.4311    -0.0497    1.5573    -3.0569    0.7021    0.0102    -0.3769    -0.5923
216    3.1822    -0.2513    1.5440    -2.7712    0.5402    -0.2808    -0.3434    -0.3083
217    2.9583    -0.2803    1.3524    -2.6161    0.6605    -0.3970    -0.4938    -0.1866
218    3.1392    -0.4308    1.4213    -2.7657    0.6373    -0.4819    -0.2823    -0.3069
219    3.5088    -0.4203    1.6810    -3.0511    0.4573    -0.1872    -0.0918    -0.4070
220    2.8342    -0.7928    1.6456    -2.1671    0.5716    -0.4002    0.0124    0.4078
221    3.0553    -0.5402    1.5607    -2.5705    0.1119    -0.0734    -0.0832    0.0142
222    3.0484    -0.7090    1.5860    -2.5049    0.2492    -0.2294    0.0470    0.0852
223    2.9616    -0.8569    1.6215    -2.3255    0.3875    -0.2824    0.1554    0.2151
224    3.4648    -0.7012    1.7414    -2.9122    0.3339    -0.0361    0.2211    -0.2476
225    3.1711    -0.6216    1.4367    -2.7578    0.3031    0.2660    0.1426    0.0282
226    2.9606    -0.6637    1.4514    -2.4936    0.6014    0.4468    0.2902    0.2790
227    3.2424    -0.8426    1.4822    -2.7579    2.2753    1.8532    1.3012    0.2223
228    3.2329    -0.7379    1.4404    -2.7986    1.7410    1.4607    0.9397    0.1207
229    3.0104    -0.5029    1.3878    -2.6237    0.5869    0.5326    0.1660    0.1824
230    2.8724    -1.1724    1.5488    -2.1160    0.9399    0.3945    0.6716    0.5260
231    3.1878    -0.8885    1.6470    -2.5807    1.4701    1.1499    0.9113    0.0930
232    3.1339    -0.9033    1.7109    -2.4653    1.4994    1.1412    0.9489    0.2131
233    3.0311    -0.9257    1.6495    -2.3685    1.5216    1.1603    0.9468    0.2697
234    3.2431    -0.8681    1.6849    -2.6316    1.6384    1.3019    0.9936    0.0457
235    2.9687    -0.7783    1.6275    -2.3578    1.6612    1.3737    0.9040    0.2349
236    3.0610    -0.6814    1.6604    -2.4796    1.5972    1.3498    0.8474    0.1048
237    3.0097    -0.5494    1.5588    -2.5152    1.8874    1.6790    0.8577    0.0873
238    3.0403    -0.2607    1.4610    -2.6534    1.9636    1.8451    0.6684    -0.0666
239    3.3625    -0.6774    1.3587    -3.0002    1.6532    1.3854    0.8111    -0.3947
240    3.5912    -0.6149    1.3069    -3.2880    1.7381    1.4616    0.7545    -0.5617
241    3.5455    -0.8546    1.1605    -3.2394    1.7607    1.4648    0.8842    -0.4156
242    3.4722    -0.7046    1.2785    -3.1505    2.1070    1.8200    1.0015    -0.3520
243    3.3354    -0.6119    1.3598    -2.9835    2.2222    1.9578    1.0256    -0.2310
244    3.4012    -0.6432    1.2865    -3.0821    1.9756    1.7146    0.9260    -0.3256
245    3.3373    -0.7584    1.3051    -2.9764    1.8497    1.5780    0.9396    -0.2200
246    3.1802    -0.7891    1.4070    -2.7407    1.8605    1.5833    0.9749    -0.0625
247    3.2513    -0.6594    1.4123    -2.8534    1.9330    1.7167    0.8641    -0.2072
248    3.4280    -0.5679    1.4277    -3.0644    1.9842    1.7622    0.8187    -0.4019
249    3.3717    -0.4024    1.3224    -3.0753    2.2614    2.0915    0.7533    -0.4149
250    3.1983    -1.4929    0.9762    -2.6547    3.2928    2.4332    2.2175    -0.0689
251    3.0295    -1.3960    0.8098    -2.5638    2.6651    1.7022    2.0372    -0.2345
252    3.3511    -0.1692    1.1982    -3.1250    2.3015    2.1544    0.5681    -0.5769
253    3.0987    -0.3949    1.0809    -2.8771    1.9736    1.8816    0.4781    -0.3554
254    3.2133    -0.5444    1.1571    -2.9479    2.0359    1.8788    0.6825    -0.3864
255    3.3184    -0.6183    1.1921    -3.0345    2.1104    1.9110    0.7993    -0.4039
256    3.1512    -0.7324    1.2309    -2.8069    2.0979    1.8894    0.8950    -0.1739
257    3.1314    -0.7677    1.1948    -2.7909    2.0443    1.8572    0.8396    -0.1579
258    3.0621    -0.8480    1.1877    -2.6920    1.9769    1.7798    0.8572    -0.0743
259    3.0242    -0.8546    1.1186    -2.6766    1.9535    1.7678    0.8260    -0.0945
260    3.1562    -0.7776    1.1620    -2.8297    1.9993    1.7993    0.8436    -0.2199
261    2.9837    -1.0647    1.1889    -2.5210    1.7120    1.4526    0.9027    0.0782
262    3.1521    -1.0171    1.1444    -2.7553    1.7407    1.4997    0.8772    -0.1073
263    3.0583    -0.9756    1.1997    -2.6386    1.8811    1.6387    0.9236    -0.0121
264    2.4868    -0.9613    1.2324    -1.9342    1.9346    1.6444    0.9000    0.4781
265    3.0398    -0.9257    1.1793    -2.6444    1.6287    1.4278    0.7649    -0.1702
266    3.2230    -1.0618    1.1802    -2.8049    1.6929    1.4517    0.8223    -0.2867
267    3.1130    -1.1303    1.1256    -2.6732    1.5580    1.3459    0.7712    -0.1454
268    3.3237    -1.0139    1.0403    -2.9894    1.6268    1.4151    0.7105    -0.3733
269    3.1727    -1.1921    1.0507    -2.7462    1.5830    1.3336    0.8446    -0.1194
270    3.2216    -1.1262    1.1345    -2.7970    1.7615    1.4994    0.9130    -0.1452
271    2.9915    -1.4648    1.2074    -2.3120    1.6561    1.2434    1.0596    0.2721
272    3.1892    -1.2259    1.2229    -2.6782    1.7915    1.5227    0.9409    -0.0741
273    3.0985    -1.1395    1.1661    -2.6349    1.9165    1.6788    0.9243    -0.0203
274    3.4323    -2.1697    0.6576    -2.5769    2.4788    1.2383    2.1214    0.3329
275    3.1071    -1.2919    1.0944    -2.6052    1.7758    1.4906    0.9637    0.0533
276    3.1899    -1.1623    1.0949    -2.7614    1.8823    1.6409    0.9192    -0.0747
277    3.0710    -1.1548    1.0806    -2.6324    1.8981    1.6566    0.9251    0.0525
278    3.1067    -1.1343    1.0305    -2.7024    1.8519    1.6279    0.8828    -0.0116
279    3.1601    -1.1630    1.0922    -2.7278    1.9151    1.6574    0.9590    -0.0315
280    3.6929    -0.7761    1.0543    -3.4530    2.1614    1.9192    0.8128    -0.5723
281    3.2015    -1.2630    0.9744    -2.7758    1.6396    1.3744    0.8826    0.1423
282    3.1515    -1.3267    0.9544    -2.6946    1.5992    1.3144    0.8837    0.2210
283    3.1341    -1.3197    1.0091    -2.6576    1.6785    1.3810    0.9203    0.2516
284    3.1190    -1.3676    1.0143    -2.6132    1.6434    1.3272    0.9284    0.2782
285    3.2536    -1.4497    1.0720    -2.7083    1.6495    1.3170    0.9709    0.2089
286    2.7807    -1.4096    1.0123    -2.1728    1.7673    1.4332    0.8558    0.5805
287    4.1749    0.2686    0.4202    -4.1451    2.7522    2.4303    -0.3286    -1.2492
288    3.7288    -0.0464    0.5100    -3.6935    2.4344    2.3035    0.0871    -0.7829
289    3.7088    -0.0840    0.5684    -3.6641    2.3491    2.2227    0.1320    -0.7486
290    3.3668    -0.3211    0.4989    -3.3141    2.0056    1.9499    0.1497    -0.4445
291    3.3591    -0.3547    0.3604    -3.3208    1.9937    1.9338    0.0792    -0.4786
292    3.3466    -0.3828    0.4681    -3.2915    2.1459    2.0732    0.2804    -0.4774
293    3.4580    -0.3156    0.4642    -3.4122    2.2618    2.1639    0.2831    -0.5939
294    4.0536    0.0184    0.6174    -4.0062    2.6589    2.4454    0.2491    -1.0136
295    3.4454    -0.2921    0.3649    -3.4136    1.9693    1.9192    0.0158    -0.4411
296    3.5869    -0.2944    0.4137    -3.5508    1.9953    1.9083    0.1083    -0.5728
297    3.9839    -0.4176    0.5557    -3.9228    2.0087    1.8071    0.2355    -0.8449
298    3.4610    -0.5073    0.3767    -3.4028    1.9146    1.8524    0.1501    -0.4603
299    3.7974    -0.4843    0.4138    -3.7436    2.0576    1.8861    0.2301    -0.7896
300    4.0373    -0.3628    0.5185    -3.9874    2.3143    2.0792    0.2949    -0.9726
301    3.8302    -0.5818    0.5043    -3.7521    1.9008    1.7586    0.1929    -0.6951
302    3.6993    -0.6041    0.4910    -3.6165    1.7791    1.6866    0.1203    -0.5534
303    3.7344    -0.7842    0.3961    -3.6296    1.4979    1.3876    0.1166    -0.5519
304    3.7494    -0.7407    0.3787    -3.6560    1.6343    1.5328    0.0912    -0.5594
305    3.9638    -0.8893    0.0846    -3.8618    1.4646    1.2901    -0.1092    -0.6847
306    3.3667    -0.7151    -0.0420    -3.2896    1.8372    1.7408    -0.5628    -0.1671
307    2.3301    -0.0747    -1.0659    -2.0706    4.3076    2.4942    -3.3950    0.8990
308    3.4553    -1.0528    0.8108    -3.1895    2.6011    2.5323    0.2906    -0.5186
309    3.3429    -1.2322    0.7227    -3.0224    2.3774    2.3370    0.2318    -0.3700
310    3.5003    -1.1226    0.6992    -3.2408    2.6119    2.5326    0.2644    -0.5813
311    3.4618    -1.1888    0.7114    -3.1725    2.6096    2.5376    0.3063    -0.5262
312    4.0111    -0.9801    0.7493    -3.8166    3.0023    2.8057    0.3302    -1.0162
313    3.5072    -1.0252    0.6731    -3.2858    2.8220    2.7770    0.1409    -0.4818
314    4.1776    -0.8262    1.1288    -3.9364    3.3617    3.0739    0.7800    -1.1154
315    2.7850    -0.3850    -0.1377    -2.7548    3.8536    3.3299    -1.9393    0.0393
316    3.7977    -0.9901    0.9883    -3.5306    3.6091    3.4775    0.4423    -0.8586
317    3.9606    -1.0421    0.8887    -3.7163    3.6343    3.4860    0.3984    -0.9469
318    4.4979    -0.7750    1.0901    -4.2944    4.2328    3.9723    0.5216    -1.3658
319    3.4951    -1.1483    0.7022    -3.2256    3.2980    3.2716    0.2142    -0.3575
320    3.8999    -1.0352    0.8151    -3.6706    3.7028    3.5822    0.4959    -0.7955
321    3.8249    -0.7806    0.8777    -3.6400    3.9708    3.8575    0.5454    -0.7680
322    3.4644    0.1085    0.8511    -3.3564    4.7392    4.6174    -0.9024    -0.5705
323    3.8782    -0.5770    1.3171    -3.6017    3.8321    3.7294    0.0061    -0.8813
324    3.7723    -0.5887    1.3569    -3.4702    3.9293    3.8562    0.0023    -0.7543
325    3.7557    -0.5808    1.3428    -3.4591    3.9278    3.8560    -0.0076    -0.7472
326    3.6715    -0.7276    1.3984    -3.3159    3.8076    3.7564    0.0899    -0.6158
327    3.2025    -0.7211    1.3471    -2.8145    4.1195    4.1128    -0.1953    -0.1321
328    3.8519    -1.1898    1.8292    -3.1742    3.6233    3.5402    0.5733    -0.5163
329    3.4271    -0.8730    1.4881    -2.9612    3.9818    3.9700    -0.0749    -0.2970
330    2.7625    -0.4989    1.1022    -2.4834    4.6095    4.5327    -0.8325    0.0972
331    3.5860    -1.2083    1.9809    -2.7341    4.0567    4.0059    0.5505    -0.3264
332    3.8494    -1.0920    1.9399    -3.1405    4.0673    3.9835    0.4340    -0.6972
333    3.8177    -1.0849    1.9042    -3.1260    4.0992    4.0214    0.4074    -0.6824
334    3.6313    -0.9296    1.7630    -3.0355    4.3564    4.3120    0.0620    -0.6170
335    5.8155    -2.6104    3.4613    -3.8763    4.2833    2.7767    2.8700    -1.5492
336    4.4448    -1.3075    2.3797    -3.5191    4.7022    4.5162    0.8048    -1.0327
337    4.6387    -1.4958    2.5289    -3.5896    4.5979    4.3427    1.0580    -1.0778
338    3.7312    -0.8771    1.8404    -3.1250    5.1564    5.1162    -0.1197    -0.6313
339    3.6876    -0.8433    1.9228    -3.0315    5.3242    5.2893    -0.0593    -0.6059
340    4.4667    -1.4842    2.4872    -3.4005    4.7045    4.4957    0.9728    -0.9874
341    4.8154    -1.7293    2.6974    -3.5946    4.6001    4.2091    1.4527    -1.1550
342    4.7356    -1.6977    2.6187    -3.5618    4.5960    4.2509    1.3901    -1.0588
343    3.9689    -1.4554    2.3827    -2.8207    4.6546    4.5679    0.8061    -0.3861
344    4.1328    -1.3154    2.2915    -3.1778    4.6268    4.5267    0.6434    -0.7088
345    3.5517    -1.9612    1.9912    -2.1917    4.5512    4.4885    0.7528    -0.0163
346    4.3383    -0.8239    2.1097    -3.7001    4.5289    4.3924    0.3101    -1.0592
347    4.6142    -0.8436    1.4832    -4.2872    4.1309    3.8186    -0.1037    -1.5721
348    4.3988    -0.8196    1.6302    -4.0025    4.3380    4.1456    0.0317    -1.2771
349    4.0419    -0.9199    1.4099    -3.6746    4.2224    4.1095    -0.1555    -0.9573
350    4.0077    -0.9800    1.4382    -3.6101    4.1589    4.0567    -0.0928    -0.9118
351    3.5382    -0.5508    1.3235    -3.2348    4.2592    4.1649    -0.4214    -0.7849
352    3.9263    -0.4916    1.1282    -3.7284    4.2173    3.9562    -0.6931    -1.2859
353    3.9689    -0.5622    1.1118    -3.7683    4.1929    3.9097    -0.7200    -1.3327
354    4.0195    -0.5471    1.1280    -3.8190    4.2256    3.9299    -0.7160    -1.3780
355    5.1513    -0.4345    1.8817    -4.7756    5.0257    4.4965    -0.2557    -2.2301
356    5.3088    -0.3994    1.8720    -4.9517    4.9827    4.4057    -0.2886    -2.3094
357    4.3103    -0.9561    1.6508    -3.8652    4.1037    3.8531    -0.3614    -1.3649
358    5.4926    -0.9127    1.8583    -5.0875    4.6255    3.9777    -0.1456    -2.3564
359    5.9576    -1.2796    2.7230    -5.1420    4.9815    4.3680    0.7256    -2.2824
360    5.8346    -1.2298    2.5236    -5.1149    4.7917    4.2107    0.4279    -2.2466
361    5.1435    -1.1306    2.1385    -4.5391    4.7250    4.4152    0.1146    -1.6788
362    4.2965    -1.2609    1.8691    -3.6575    4.2392    4.0885    0.0123    -1.1202
363    5.3691    -1.4344    2.1340    -4.7133    4.5994    4.1126    0.3521    -2.0291
364    5.1255    -1.1295    2.1257    -4.5250    4.9388    4.5733    0.1698    -1.8569
365    5.0336    -1.2480    2.2981    -4.3009    4.8897    4.5703    0.3082    -1.7105
366    4.9864    -1.0958    2.2649    -4.3050    5.0650    4.7420    0.1237    -1.7754
367    5.5771    -1.1017    2.4474    -4.8888    5.3030    4.7927    0.2354    -2.2576
368    5.3235    -1.0681    2.3421    -4.6598    5.2075    4.7976    0.0569    -2.0242
369    5.3720    -1.0802    2.3748    -4.6959    5.2112    4.7956    0.0697    -2.0381
370    5.1346    -1.1312    2.2164    -4.4913    5.0602    4.6799    -0.0211    -1.9243
371    5.5736    0.2868    2.7602    -4.8336    6.4922    5.9786    -0.9222    -2.3566
372    5.6692    0.6207    2.2591    -5.1624    6.9664    6.1685    -1.8892    -2.6288
373    5.4788    0.6426    2.2003    -4.9762    6.9414    6.1878    -1.9523    -2.4662
374    5.2968    0.6038    2.1895    -4.7851    6.8641    6.1582    -1.9247    -2.3424
375    6.8872    1.5096    3.9911    -5.4061    9.3601    8.7801    -1.4633    -2.8949
376    7.1319    1.8250    3.9363    -5.6602    9.6465    8.9966    -1.6025    -3.0902
377    6.8964    1.7530    3.8815    -5.4242    9.5307    8.9338    -1.6530    -2.8789
378    6.9479    1.7148    3.9068    -5.4836    9.5323    8.9337    -1.5927    -2.9183
379    7.1657    1.8790    3.8842    -5.7210    9.8253    9.1111    -1.8709    -3.1662
380    6.6760    1.7589    4.0034    -5.0446    9.6466    9.1769    -1.6311    -2.4864
381    6.6595    1.5688    4.2826    -4.8526    9.4929    9.1426    -1.0389    -2.3342
382    7.7133    1.9782    4.2101    -6.1527    10.0453    9.2766    -1.2391    -3.6492
383    9.0657    1.0582    5.7633    -6.9174    10.4321    9.0756    1.4976    -4.9213
384    6.5824    1.3725    5.1695    -3.8368    9.4275    9.2407    0.1437    -1.8622
385    6.3261    0.4404    5.7385    -2.6259    8.3633    8.2744    1.0198    -0.6633
386    4.9575    1.0112    4.5469    -1.6971    8.4368    8.3353    -1.2809    0.2486
387    9.0177    0.5589    5.6675    -6.9918    9.6291    8.1330    0.6911    -5.1086
388    6.2825    0.2486    5.6154    -2.8063    8.1318    8.0055    1.0301    -0.9889
389    7.4037    0.9699    4.5411    -5.7665    9.1018    8.1470    -1.1337    -3.8965
390    7.4800    1.0185    4.1386    -6.1469    9.1517    7.9737    -1.3505    -4.2836
391    8.1640    0.5861    5.3247    -6.1607    9.1690    7.9594    0.7165    -4.4950
392    6.4361    1.2138    3.7164    -5.1126    8.9916    8.0167    -2.1871    -3.4348
393    7.7931    0.7698    4.8164    -6.0781    9.1313    7.9786    -0.1794    -4.4374
394    7.5683    0.6324    4.0991    -6.3306    8.9168    7.4879    -0.9940    -4.7385
395    6.6496    1.1605    2.5931    -6.0122    9.1623    7.1752    -2.9612    -4.8678
396    6.5608    -0.1952    5.2216    -3.9675    7.8346    6.9988    2.1566    -2.7832
397    4.3658    -0.1005    4.1147    -1.4558    6.9275    6.9009    0.5333    -0.2885
398    3.5801    0.4850    2.9915    -1.9059    7.2316    6.9965    -1.6917    -0.6943
399    5.4010    -3.3584    4.1291    -0.9175    8.3430    6.9319    2.1900    -4.0937
400    7.0939    0.2446    4.5574    -5.4309    8.6995    7.5405    -0.0589    -4.3381
401    7.0794    0.2817    4.6205    -5.3562    8.6739    7.5396    -0.0538    -4.2882
402    7.1622    0.2671    4.6242    -5.4629    8.6448    7.4377    -0.0748    -4.4054
403    10.7253    -1.3948    5.4181    -9.1504    9.8420    6.2944    1.5426    -7.4072
404    9.1840    -1.0268    4.9846    -7.6449    9.0486    6.9414    0.4064    -5.7904
405    9.2075    -1.0751    5.0622    -7.6155    9.0352    6.9692    0.4221    -5.7347
406    8.7976    -1.0273    5.1261    -7.0757    8.8665    7.0679    0.3490    -5.3422
407    8.9183    -0.5909    5.0543    -7.3240    9.2666    7.2750    -0.0739    -5.7392
408    9.2749    -0.5656    4.9784    -7.8051    9.5160    7.2435    -0.2736    -6.1653
409    9.0167    -0.2518    4.8294    -7.6101    9.5087    7.3768    -0.5152    -5.9777
410    8.2010    -0.2655    5.0646    -6.4448    8.6351    7.0313    -0.2839    -5.0046
411    8.6825    -0.4166    5.7413    -6.5000    8.7921    7.1969    0.2883    -5.0420
412    9.0025    -0.2930    5.3831    -7.2098    9.0429    7.0858    -0.2954    -5.6105
413    8.9918    -0.3361    5.4440    -7.1486    8.8879    7.0773    -0.2302    -5.3715
414    8.2698    -0.3445    4.8175    -6.7129    8.4698    6.6708    -0.5618    -5.1887
415    9.7246    -1.0127    5.5055    -7.9519    8.9260    6.2963    0.4614    -6.3101
416    9.5252    -0.8848    5.2801    -7.8783    8.8662    6.3242    0.0575    -6.2138
417    9.3034    -0.7043    5.0878    -7.7570    8.8705    6.4465    -0.1588    -6.0913
418    9.7045    -0.6122    4.7861    -8.4199    8.9341    6.1795    -0.2953    -6.4456
419    9.3264    -0.9991    5.5291    -7.4440    8.4211    6.4908    0.5299    -5.3389
420    9.4893    -0.9640    5.4988    -7.6735    8.5079    6.4672    0.4817    -5.5071
421    8.8790    -0.7235    4.9646    -7.3257    8.2046    6.3468    0.2013    -5.1954
422    8.7770    -1.1333    5.1837    -6.9915    7.7868    5.9352    0.9210    -4.9558
423    9.0794    -1.1234    5.2309    -7.3356    8.0128    5.9507    0.9464    -5.2819
424    9.0928    -1.1533    5.3768    -7.2415    7.9979    5.9763    1.0693    -5.2064
425    8.8707    -1.0933    5.5337    -6.8463    7.9031    6.1385    1.0651    -4.8626
426    9.2277    -1.0708    5.5870    -7.2656    8.1324    6.1611    1.0971    -5.1936
427    8.1837    -0.8062    5.1631    -6.2980    7.6970    6.2888    0.6836    -4.3850
428    8.7237    -1.1336    5.0800    -7.0008    7.7048    5.7380    0.9236    -5.0582
429    8.6325    -1.1255    5.0705    -6.8952    7.6227    5.7413    0.8953    -4.9337
430    8.7227    -1.1165    5.0151    -7.0489    7.6850    5.7326    0.8544    -5.0464
431    8.1400    -1.1826    5.1871    -6.1608    7.2959    5.7336    0.9968    -4.4002
432    8.6838    -1.0311    5.1033    -6.9499    7.8364    5.8615    0.7964    -5.1398
433    8.6344    -1.0074    5.0386    -6.9391    7.7563    5.8123    0.7799    -5.0764
434    8.5914    -1.0702    5.0331    -6.8800    7.6616    5.7569    0.8655    -4.9809
435    8.5627    -1.0979    5.0219    -6.8480    7.6068    5.7285    0.8766    -4.9275
436    8.4545    -1.1182    4.9944    -6.7294    7.5267    5.7193    0.8478    -4.8190
437    9.3327    -0.6975    5.1855    -7.7281    8.4287    6.1952    0.7902    -5.6603
438    8.7635    -0.9971    4.9961    -7.1304    7.5339    5.6442    0.8619    -4.9153
439    8.9362    -1.0229    5.0235    -7.3194    7.5090    5.6272    0.8581    -4.8972
440    8.9529    -1.2134    5.3496    -7.0756    7.5869    5.7222    1.0817    -4.8628
441    9.7451    -1.0871    5.3099    -8.0988    7.9416    5.6940    1.0032    -5.4444
442    9.6985    -1.0062    5.2088    -8.1190    8.0418    5.8293    0.9065    -5.4651
443    9.6352    -0.9754    5.2332    -8.0311    7.9033    5.7598    0.9132    -5.3342
444    8.6626    -1.1117    5.3315    -6.7365    7.2591    5.6863    1.0024    -4.3995
445    9.4124    -1.0065    5.2852    -7.7232    7.9321    5.8100    0.9565    -5.3148
446    9.1250    -1.1542    5.4655    -7.2153    7.6528    5.7736    1.1402    -4.8918
447    9.4795    -1.1079    5.4790    -7.6560    7.9317    5.8121    1.1330    -5.2770
448    9.3821    -1.0926    5.5416    -7.4913    7.8353    5.8357    1.1254    -5.1058
449    9.1901    -1.1168    5.1991    -7.4953    7.5850    5.6143    0.9054    -5.0191
450    9.0126    -1.1237    5.1925    -7.2803    7.4114    5.5740    0.9122    -4.7988
451    9.0444    -1.1274    5.2231    -7.2972    7.4335    5.5737    0.9265    -4.8303
452    8.9290    -1.2647    5.0185    -7.2762    7.3158    5.3672    0.8626    -4.8959
453    9.2345    -1.2580    4.9996    -7.6615    7.5208    5.3394    0.8733    -5.2240
454    9.1480    -1.2879    5.0608    -7.5110    7.3822    5.2904    0.9428    -5.0617
455    7.7512    -0.5627    4.8303    -6.0359    7.1030    5.6448    0.5158    -4.2805
456    9.5229    -0.5531    4.7713    -8.2227    8.3379    5.6659    0.4415    -6.1011
457    9.3796    -0.6965    4.7941    -8.0317    8.0176    5.4524    0.3564    -5.8674
458    9.4501    -0.6863    4.7191    -8.1586    8.0032    5.3611    0.2245    -5.9379
459    9.3860    -0.5299    4.7829    -8.0585    7.9709    5.4760    0.2761    -5.7855
460    9.2670    -0.5152    4.7474    -7.9419    7.8488    5.4673    0.3149    -5.6226
461    9.0296    -0.4155    4.9805    -7.5203    7.6756    5.5950    0.4151    -5.2381
462    8.9241    -0.4123    4.7267    -7.5582    7.6706    5.6432    0.2834    -5.1878
463    7.3152    -0.6302    4.1698    -5.9772    6.6641    5.4108    -0.0774    -3.8894
464    9.3216    0.0465    4.7425    -8.0249    8.3554    6.1500    -0.2103    -5.6520
465    9.1469    0.1399    4.6837    -7.8556    7.8378    6.0096    0.0562    -5.0311
466    9.8258    0.0525    4.4027    -8.7841    8.0548    5.8550    0.0037    -5.5316
467    9.5947    0.0435    4.5483    -8.4480    7.8997    5.8979    0.1696    -5.2528
468    9.7938    0.0464    4.4657    -8.7163    8.0227    5.8446    0.0666    -5.4954
469    9.7606    0.0459    4.4737    -8.6749    7.9729    5.8241    0.0825    -5.4444
470    9.7942    0.0109    4.4303    -8.7349    7.9661    5.7676    0.0689    -5.4944
471    9.8211    0.0158    4.4039    -8.7783    7.9818    5.7695    0.0534    -5.5153
472    9.6477    -0.7013    4.7220    -8.3838    7.2510    5.0546    0.4860    -5.1761
473    9.5796    -0.3570    4.9185    -8.2128    7.5117    5.5444    0.5165    -5.0417
474    9.7734    -0.3537    4.8983    -8.4499    7.6517    5.5277    0.4662    -5.2702
475    9.8309    -0.5028    4.7657    -8.5838    7.5886    5.3373    0.3122    -5.3854
476    9.8356    -0.6331    5.0200    -8.4344    7.6114    5.4091    0.5777    -5.3237
477    10.0824    -0.6517    5.0105    -8.7250    7.8075    5.4230    0.5766    -5.5871
478    10.0134    -0.6245    5.0278    -8.6372    7.7727    5.4495    0.5766    -5.5123
479    9.9255    0.4087    4.5972    -8.7872    8.2878    5.7869    -0.4427    -5.9164
480    10.3173    0.5542    4.1976    -9.4085    8.5664    5.7355    -0.7341    -6.3205
481    10.1221    0.3531    3.8361    -9.3603    8.3010    5.5164    -1.0439    -6.1144
482    9.7791    -0.6689    4.0785    -8.8627    7.9192    5.0398    -0.4204    -6.0941
483    11.4709    -0.6699    4.0577    -10.7083    8.9425    5.0148    -0.4467    -7.3906
484    11.5977    -0.7151    3.7782    -10.9416    9.0332    4.8985    -0.6685    -7.5602
485    11.5132    -0.8128    4.7233    -10.4682    9.1324    5.4409    0.1084    -7.3339
486    12.1925    -0.6600    4.6308    -11.2595    9.7375    5.5881    -0.0224    -7.9744
487    12.2023    -0.6442    4.6138    -11.2780    9.7537    5.6003    -0.0334    -7.9856
488    13.3344    -0.3392    4.1799    -12.6578    10.7022    5.6261    -0.5031    -9.0902
489    12.8142    -0.3799    4.4175    -12.0227    10.1087    5.6429    -0.0871    -8.3867
490    12.8935    -0.3318    4.4461    -12.0982    10.1772    5.7046    -0.1040    -8.4275
491    12.6549    -0.3187    4.5842    -11.7911    9.9812    5.7542    -0.0388    -8.1555
492    12.8819    -0.3274    4.5165    -12.0597    10.1249    5.6934    -0.0910    -8.3720
493    12.1666    -0.1659    4.2262    -11.4079    9.7069    5.7208    -0.3352    -7.8348
494    12.4898    -0.3184    4.2686    -11.7334    9.8379    5.4893    -0.0490    -8.1639
495    12.3902    -0.2675    4.2247    -11.6446    9.8134    5.5390    -0.0849    -8.1003
496    12.5659    -0.2992    4.2297    -11.8289    9.9073    5.4680    -0.0455    -8.2617
497    12.2724    -0.0678    3.8338    -11.6580    10.0279    5.9807    -0.2408    -8.0456
498    12.2861    -0.0135    3.9568    -11.6316    10.1226    6.2117    -0.1493    -7.9911
499    12.1230    -0.0316    3.7874    -11.5161    10.0669    6.3025    -0.3042    -7.8440
500    10.0044    0.0861    3.2650    -9.4563    8.9102    6.3716    -0.7553    -6.1825
501    11.7221    -0.3481    3.4804    -11.1881    9.7134    6.2228    -0.5047    -7.4413
502    11.5478    -0.2065    3.4386    -11.0221    9.7191    6.4094    -0.7034    -7.2723
503    11.5767    -0.2344    3.4020    -11.0630    9.7049    6.3645    -0.7136    -7.2917
504    11.3680    -0.1965    3.5026    -10.8132    9.6117    6.4467    -0.6435    -7.1001
505    11.1651    -0.4313    3.7591    -10.5044    9.3439    6.3767    -0.3730    -6.8195
506    11.6551    -0.3323    3.6540    -11.0625    9.9163    6.6408    -0.5785    -7.3416
507    11.2624    -0.2619    3.9277    -10.5521    9.6504    6.7509    -0.3585    -6.8868
508    11.3965    -0.2353    3.8116    -10.7376    9.7956    6.7590    -0.5420    -7.0693
509    11.1732    -0.2543    4.1350    -10.3768    9.5936    6.7996    -0.2527    -6.7630
510    11.3469    -0.1870    4.0093    -10.6134    9.8092    6.8783    -0.4653    -6.9781
511    11.3848    -0.2294    3.9242    -10.6847    9.8088    6.8194    -0.5415    -7.0295
512    11.3465    -0.2250    3.9770    -10.6244    9.7671    6.8355    -0.4593    -6.9614
513    11.4179    -0.4305    4.1329    -10.6349    9.5574    6.5442    -0.2882    -6.9595
514    11.5000    -0.3558    4.1401    -10.7230    9.7090    6.6902    -0.3097    -7.0292
515    11.4314    -0.3301    4.1322    -10.6533    9.6473    6.6854    -0.3058    -6.9485
516    11.4850    -0.3185    4.1254    -10.7137    9.6846    6.6971    -0.2996    -6.9893
517    11.3151    -0.2895    4.0659    -10.5554    9.5897    6.7073    -0.3545    -6.8446
518    11.4571    -0.3221    4.0042    -10.7298    9.6479    6.6404    -0.3774    -6.9888
519    12.1018    -0.7074    4.3376    -11.2756    9.6968    6.2107    -0.0336    -7.4468
520    11.8064    -0.7077    4.6358    -10.8351    9.5553    6.4893    0.1428    -7.0123
521    11.8914    -0.5489    4.7642    -10.8814    9.2946    6.3610    0.0783    -6.7765
522    12.2502    -0.4416    4.6079    -11.3419    9.5181    6.2881    -0.1790    -7.1430
523    11.8882    -0.5283    4.5289    -10.9790    9.0500    6.0222    -0.1522    -6.7537
524    11.8243    -0.5789    4.5372    -10.9038    8.9921    5.9943    -0.0811    -6.7022
525    12.9672    -1.1059    5.1274    -11.8590    9.4734    5.9539    0.1937    -7.3661
526    11.9562    -0.4525    4.8282    -10.9286    9.1407    6.3998    -1.1104    -6.4314
527    12.0702    -0.4149    4.5490    -11.1725    9.3212    6.3952    -1.3813    -6.6391
528    11.9749    -0.4875    4.6455    -11.0263    9.1216    6.2828    -1.1932    -6.5043
529    11.9504    -0.7856    5.1865    -10.7376    8.5324    5.7987    -0.6201    -6.2284
530    12.0162    -0.6496    5.1615    -10.8317    8.7819    6.0454    -0.7379    -6.3270
531    11.8882    -0.6407    5.0552    -10.7407    8.7518    6.0804    -0.8380    -6.2387
532    11.7020    -0.6002    5.1678    -10.4819    8.6535    6.1407    -0.7793    -6.0471
533    11.9019    -0.5599    4.9122    -10.8264    8.9438    6.1714    -1.0268    -6.3915
534    11.7544    -0.4407    5.0130    -10.6227    8.9447    6.2921    -1.0135    -6.2762
535    12.4111    -0.7000    5.3821    -11.1615    9.2066    6.2566    -0.6699    -6.7208
536    11.7217    -0.0990    5.2824    -10.4635    9.3070    6.7955    -1.1881    -6.2474
537    12.4406    -0.5916    5.4688    -11.1584    9.4572    6.3827    -1.4481    -6.8265
538    12.3160    -0.4670    5.2114    -11.1493    9.4493    6.2218    -2.0122    -6.8212
539    12.4658    -0.7150    5.4419    -11.1924    9.3615    5.9648    -1.9741    -6.9398
540    12.5563    -0.7583    5.3748    -11.3224    9.3849    5.8043    -2.1016    -7.0690
541    13.1731    -1.4137    5.9358    -11.6748    9.0417    5.0688    -1.4286    -7.3497
542    12.6762    -1.0391    6.3435    -10.9255    9.0889    5.9135    -1.3706    -6.7645
543    13.6528    -1.2600    6.4550    -11.9643    9.6470    5.6832    -1.3545    -7.6767
544    13.5577    -1.0947    6.5335    -11.8290    9.7222    6.0153    -1.4372    -7.5015
545    13.4745    -1.2435    6.7390    -11.6018    9.5669    5.9151    -1.5083    -7.3663
546    13.6565    -1.3871    6.5512    -11.9020    9.6665    5.6616    -1.8396    -7.6159
547    13.5928    -1.6478    7.2937    -11.3512    9.4224    5.8272    -1.6640    -7.2150
548    13.5260    -1.3043    6.7097    -11.6718    10.1015    5.9834    -2.9188    -7.5974
549    13.5487    -1.7805    6.9085    -11.5183    9.5885    5.2504    -3.0096    -7.4374
550    13.5753    -1.7745    6.7827    -11.6247    9.6102    5.1291    -3.1442    -7.4941
551    13.0850    -2.2053    7.4190    -10.5504    8.4583    4.6840    -2.5679    -6.5581
552    13.5863    -2.0329    7.3650    -11.2344    9.2556    5.1910    -2.6809    -7.1786
553    13.4538    -2.0398    7.3099    -11.1090    9.0381    5.0677    -2.6512    -6.9984
554    13.4259    -2.0170    7.3944    -11.0232    8.9659    5.1226    -2.5739    -6.8936
555    13.4496    -2.0249    7.4586    -11.0073    8.9308    5.0984    -2.5310    -6.8818
556    13.3726    -2.1449    7.8479    -10.6130    8.5476    5.0714    -2.2457    -6.5038
557    13.4114    -2.1444    7.7908    -10.7037    8.4826    4.9711    -2.2800    -6.4841
558    12.9026    -2.0555    8.3602    -9.6103    7.8471    5.1740    -1.9227    -5.5776
559    13.3409    -2.0911    8.3197    -10.2171    8.2770    5.1973    -1.9641    -6.1351
560    13.2496    -2.1198    8.3437    -10.0718    8.1728    5.1952    -1.9563    -5.9981
561    13.0502    -2.0950    8.5058    -9.6731    7.9595    5.2516    -1.8500    -5.6880
562    13.1565    -2.0965    8.5320    -9.7931    8.1070    5.3144    -1.8735    -5.8284
563    12.9100    -2.1489    8.8322    -9.1675    7.8159    5.4034    -1.6813    -5.3912
564    13.1255    -2.0786    8.7614    -9.5496    8.2292    5.5101    -1.9575    -5.7902
565    13.1819    -2.1652    8.8304    -9.5445    8.2152    5.4634    -1.9353    -5.8219
566    13.1738    -2.3185    9.1275    -9.2120    7.8510    5.2989    -1.7539    -5.5212
567    13.0985    -2.5412    9.3988    -8.7622    7.6679    5.3015    -1.6100    -5.3008
568    13.6663    -2.9207    9.3836    -9.4966    8.1639    5.0944    -1.7597    -6.1319
569    13.8076    -2.9502    9.3314    -9.7401    8.3379    5.0638    -1.8113    -6.3716
