100    2.1903    1.27    -0.4162    0.0638    -2.1494    0.73    0.79    0.67
101    2.1961    1.27    -0.4451    0.0798    -2.1490    0.73    0.79    0.67
102    1.9419    1.26    -0.2432    0.0997    -1.9240    0.73    0.78    0.66
103    1.7291    1.24    -0.0408    0.1406    -1.7229    0.72    0.78    0.64
104    1.9225    1.23    0.0027    0.1429    -1.9171    0.72    0.77    0.63
105    1.8932    1.23    0.0378    0.0782    -1.8912    0.72    0.77    0.63
106    1.9436    1.22    -0.0969    0.1146    -1.9378    0.71    0.76    0.63
107    2.0586    1.22    -0.1081    0.0109    -2.0558    0.71    0.76    0.63
108    2.1250    1.21    -0.1247    0.0118    -2.1213    0.71    0.76    0.62
109    2.1146    1.21    -0.0978    -0.0068    -2.1123    0.71    0.76    0.62
110    2.1491    1.21    -0.1911    -0.0371    -2.1403    0.71    0.76    0.62
111    2.1829    1.21    -0.1855    -0.1408    -2.1704    0.71    0.75    0.62
112    2.2751    1.20    -0.1207    -0.1758    -2.2651    0.71    0.75    0.62
113    2.2084    1.20    -0.1256    -0.1091    -2.2021    0.71    0.75    0.62
114    2.1457    1.20    -0.0634    -0.1325    -2.1406    0.71    0.75    0.61
115    2.1457    1.20    -0.0665    -0.1655    -2.1383    0.71    0.75    0.61
116    2.0720    1.20    -0.1124    -0.2154    -2.0577    0.71    0.75    0.61
117    2.0693    1.20    -0.1555    -0.2176    -2.0519    0.71    0.75    0.61
118    2.1975    1.20    -0.0775    -0.2897    -2.1770    0.71    0.75    0.61
119    2.3150    1.20    -0.0570    -0.2402    -2.3018    0.71    0.75    0.61
120    2.3268    1.20    -0.0611    -0.2865    -2.3083    0.70    0.75    0.61
121    2.3363    1.20    -0.0541    -0.2932    -2.3172    0.70    0.75    0.61
122    2.2631    1.19    0.0063    -0.2122    -2.2532    0.70    0.75    0.61
123    2.2537    1.19    -0.0090    -0.2354    -2.2414    0.70    0.75    0.61
124    2.2218    1.19    -0.0251    -0.2668    -2.2056    0.70    0.75    0.61
125    2.2196    1.19    -0.0079    -0.2609    -2.2042    0.70    0.75    0.61
126    2.0742    1.19    0.0408    -0.1474    -2.0685    0.70    0.74    0.61
127    2.0668    1.19    0.0196    -0.1560    -2.0608    0.70    0.74    0.61
128    2.1480    1.19    0.0364    -0.0848    -2.1460    0.70    0.74    0.60
129    2.1315    1.19    -0.0072    -0.1151    -2.1284    0.70    0.74    0.60
130    2.1548    1.19    -0.0589    -0.1115    -2.1511    0.70    0.74    0.60
131    2.1857    1.19    -0.0441    -0.0945    -2.1832    0.70    0.74    0.60
132    2.1322    1.19    -0.0392    -0.1344    -2.1276    0.70    0.74    0.60
133    2.1243    1.19    -0.0435    -0.1461    -2.1189    0.70    0.74    0.60
134    2.0368    1.18    -0.2058    -0.1429    -2.0213    0.70    0.74    0.60
135    2.0710    1.18    -0.2680    -0.1784    -2.0458    0.70    0.74    0.60
136    2.1197    1.17    -0.2995    -0.3277    -2.0727    0.70    0.73    0.59
137    2.1048    1.17    -0.2911    -0.3516    -2.0548    0.70    0.73    0.59
138    2.2897    1.03    -0.6037    -0.1719    -2.2020    0.60    0.62    0.56
139    2.2915    1.02    -0.4859    -0.1159    -2.2363    0.59    0.62    0.56
140    2.4231    1.00    -0.4157    -0.2813    -2.3705    0.59    0.60    0.53
141    2.4017    0.99    -0.5073    -0.1219    -2.3443    0.58    0.60    0.52
142    2.4038    0.99    -0.5277    -0.1204    -2.3421    0.58    0.60    0.52
143    2.4736    0.98    -0.4797    -0.1432    -2.4224    0.58    0.60    0.52
144    2.4876    0.98    -0.4917    -0.1326    -2.4349    0.58    0.60    0.52
145    2.4775    0.98    -0.5140    -0.1894    -2.4162    0.58    0.60    0.52
146    2.4803    0.98    -0.5252    -0.1869    -2.4169    0.58    0.60    0.52
147    2.4587    0.98    -0.5204    -0.1180    -2.4001    0.58    0.60    0.52
148    2.5402    0.98    -0.5596    -0.1053    -2.4755    0.58    0.60    0.52
149    2.5604    0.98    -0.5282    -0.0527    -2.5047    0.58    0.60    0.51
150    2.5498    0.98    -0.5539    -0.0376    -2.4886    0.58    0.59    0.51
151    2.7479    0.93    -0.3226    -0.0189    -2.7288    0.55    0.59    0.47
152    2.7697    0.93    -0.2659    -0.0749    -2.7559    0.55    0.59    0.47
153    2.7118    0.93    -0.2017    0.0136    -2.7043    0.55    0.59    0.47
154    2.7189    0.93    -0.2096    0.0550    -2.7103    0.55    0.59    0.47
155    2.6286    0.93    -0.2809    0.0374    -2.6133    0.55    0.59    0.46
156    2.6167    0.93    -0.2991    0.0498    -2.5990    0.55    0.59    0.46
157    2.6361    0.93    -0.3353    -0.0075    -2.6146    0.54    0.59    0.46
158    2.6450    0.93    -0.2989    -0.0185    -2.6280    0.54    0.59    0.46
159    2.6355    0.93    -0.3107    -0.0234    -2.6171    0.54    0.59    0.46
160    2.6861    0.93    -0.2745    -0.0140    -2.6720    0.54    0.59    0.46
161    2.6913    0.93    -0.2903    0.0400    -2.6753    0.54    0.59    0.46
162    2.7957    0.92    -0.1945    0.1337    -2.7857    0.54    0.59    0.46
163    2.9293    0.92    -0.2282    0.0774    -2.9194    0.54    0.58    0.46
164    2.9415    0.92    -0.2176    0.1383    -2.9302    0.54    0.58    0.46
165    2.9775    0.92    -0.2739    0.1488    -2.9611    0.54    0.58    0.46
166    3.1119    0.91    -0.3373    0.1731    -3.0887    0.54    0.58    0.45
167    3.0890    0.91    -0.3418    0.2172    -3.0623    0.54    0.58    0.45
168    3.0252    0.91    -0.2818    0.1784    -3.0068    0.54    0.58    0.45
169    3.0449    0.91    -0.3391    0.1313    -3.0231    0.54    0.58    0.45
170    3.0840    0.91    -0.3403    0.1631    -3.0608    0.54    0.58    0.45
171    3.1027    0.91    -0.2368    0.1984    -3.0873    0.53    0.58    0.45
172    3.0126    0.90    -0.2384    0.3105    -2.9871    0.53    0.58    0.45
173    2.9921    0.90    -0.2297    0.3656    -2.9608    0.53    0.58    0.45
174    2.9890    0.90    -0.2356    0.3485    -2.9593    0.53    0.58    0.45
175    3.0432    0.90    -0.2139    0.2508    -3.0253    0.53    0.58    0.45
176    2.9882    0.90    -0.2339    0.2748    -2.9663    0.53    0.58    0.45
177    2.9820    0.90    -0.2649    0.2327    -2.9611    0.53    0.58    0.45
178    2.9746    0.90    -0.2012    0.2046    -2.9607    0.53    0.57    0.44
179    2.9799    0.90    -0.1995    0.1928    -2.9670    0.53    0.57    0.44
180    2.8664    0.90    -0.1816    0.2234    -2.8519    0.53    0.57    0.44
181    2.8358    0.90    -0.0793    0.2664    -2.8221    0.53    0.57    0.44
182    2.9191    0.90    -0.0958    0.2526    -2.9066    0.53    0.57    0.44
183    2.9594    0.90    -0.1428    0.2205    -2.9477    0.53    0.57    0.44
184    3.0508    0.89    -0.0687    0.2991    -3.0353    0.53    0.57    0.43
185    2.8026    0.79    -0.5602    1.3581    -2.3866    0.46    0.49    0.40
186    2.7694    0.79    -0.5352    1.3605    -2.3521    0.46    0.49    0.40
187    2.7731    0.79    -0.5606    1.3420    -2.3611    0.46    0.49    0.40
188    2.8082    0.78    -0.5541    1.3639    -2.3914    0.46    0.49    0.40
189    2.8265    0.78    -0.5933    1.3777    -2.3956    0.46    0.49    0.40
190    2.7972    0.78    -0.5906    1.3773    -2.3619    0.46    0.49    0.40
191    2.7625    0.78    -0.5839    1.3152    -2.3582    0.46    0.49    0.40
192    2.7396    0.78    -0.5598    1.3144    -2.3376    0.46    0.49    0.40
193    2.7895    0.78    -0.4925    1.4144    -2.3534    0.46    0.48    0.40
194    2.7904    0.78    -0.4868    1.4036    -2.3620    0.46    0.48    0.40
195    2.6943    0.76    -0.8341    1.4072    -2.1408    0.45    0.47    0.39
196    2.7611    0.76    -0.8687    1.4519    -2.1819    0.45    0.47    0.39
197    2.7273    0.76    -0.8650    1.3898    -2.1813    0.45    0.47    0.39
198    2.7073    0.76    -0.8847    1.3797    -2.1548    0.45    0.47    0.39
199    2.7667    0.76    -0.9297    1.3839    -2.2079    0.45    0.47    0.39
200    2.8175    0.76    -0.9588    1.3949    -2.2524    0.45    0.47    0.39
201    2.7965    0.76    -0.9282    1.4138    -2.2271    0.45    0.47    0.39
202    2.9019    0.76    -0.9323    1.4817    -2.3144    0.45    0.47    0.39
203    2.8284    0.76    -0.8336    1.4238    -2.2973    0.45    0.47    0.39
204    2.9075    0.75    -0.7422    1.3302    -2.4766    0.45    0.46    0.38
205    2.8967    0.75    -0.7441    1.2833    -2.4881    0.45    0.46    0.38
206    2.9415    0.75    -0.7585    1.3245    -2.5146    0.45    0.46    0.38
207    2.8882    0.74    -0.6481    1.4036    -2.4397    0.45    0.46    0.38
208    2.8586    0.74    -0.6328    1.3838    -2.4200    0.45    0.46    0.38
209    2.7861    0.74    -0.6598    1.2628    -2.3942    0.44    0.46    0.38
210    2.9092    0.74    -0.6586    1.3230    -2.5059    0.44    0.46    0.37
211    2.8550    0.74    -0.6170    1.4399    -2.3868    0.44    0.46    0.37
212    2.8514    0.74    -0.6178    1.4301    -2.3883    0.44    0.46    0.37
213    2.8250    0.74    -0.6362    1.3426    -2.4028    0.44    0.46    0.37
214    2.8871    0.74    -0.6034    1.3060    -2.5031    0.44    0.46    0.37
215    2.9627    0.74    -0.7229    1.2812    -2.5717    0.44    0.46    0.37
216    2.8588    0.74    -0.7512    1.2752    -2.4459    0.44    0.46    0.37
217    2.8715    0.72    -0.7727    1.0027    -2.5774    0.43    0.45    0.36
218    3.1126    0.71    -0.8110    1.1638    -2.7706    0.43    0.44    0.35
219    3.1012    0.70    -0.8365    1.1588    -2.7523    0.43    0.44    0.35
220    3.2328    0.70    -0.8522    1.2101    -2.8741    0.43    0.44    0.34
221    3.2114    0.70    -0.8731    1.1754    -2.8582    0.43    0.44    0.34
222    3.1802    0.70    -0.9132    1.1802    -2.8083    0.43    0.44    0.34
223    3.2254    0.70    -0.9580    1.1242    -2.8673    0.43    0.44    0.34
224    3.2457    0.70    -0.9383    1.1051    -2.9039    0.43    0.44    0.34
225    3.1929    0.70    -0.9570    1.0422    -2.8622    0.43    0.44    0.34
226    3.1990    0.70    -0.9128    1.0713    -2.8727    0.43    0.44    0.34
227    3.1900    0.70    -0.9208    1.0409    -2.8714    0.43    0.44    0.34
228    3.1972    0.70    -0.8847    1.0974    -2.8696    0.43    0.43    0.34
229    3.1639    0.70    -0.8805    0.9593    -2.8835    0.43    0.43    0.34
230    3.1773    0.70    -0.9238    0.9102    -2.9006    0.43    0.43    0.34
231    3.1460    0.70    -1.0145    0.9662    -2.8168    0.43    0.43    0.34
232    3.1389    0.69    -0.9601    1.0232    -2.8079    0.43    0.43    0.34
233    3.1957    0.67    -1.0749    0.7637    -2.9109    0.41    0.42    0.33
234    3.0906    0.67    -1.0152    0.7420    -2.8232    0.41    0.41    0.33
235    3.1159    0.67    -1.0740    0.7048    -2.8388    0.41    0.41    0.33
236    3.2044    0.67    -1.1003    0.6555    -2.9373    0.41    0.41    0.33
237    3.2208    0.67    -1.1276    0.6860    -2.9379    0.41    0.41    0.33
238    3.2329    0.67    -1.1310    0.6586    -2.9561    0.41    0.41    0.33
239    3.2563    0.67    -1.1543    0.6876    -2.9661    0.41    0.41    0.33
240    3.2573    0.67    -1.1547    0.6822    -2.9684    0.41    0.41    0.33
241    3.2227    0.67    -1.1381    0.5477    -2.9649    0.41    0.41    0.33
242    3.1965    0.67    -1.1391    0.5835    -2.9291    0.41    0.41    0.33
243    3.1969    0.67    -1.1362    0.6199    -2.9232    0.41    0.41    0.33
244    3.2183    0.67    -1.1317    0.6501    -2.9418    0.41    0.41    0.33
245    3.2141    0.67    -1.2196    0.6048    -2.9116    0.41    0.41    0.33
246    3.0564    0.66    -1.1376    0.5469    -2.7836    0.41    0.41    0.33
247    3.0470    0.65    -0.5964    0.2232    -2.9797    0.40    0.40    0.32
248    3.0236    0.65    -0.5718    0.2078    -2.9617    0.40    0.40    0.32
249    3.0293    0.65    -0.6104    0.1997    -2.9604    0.40    0.40    0.32
250    3.1171    0.65    -0.6655    0.1844    -3.0396    0.40    0.40    0.32
251    3.0873    0.65    -0.7321    0.0637    -2.9986    0.40    0.40    0.32
252    3.0960    0.65    -0.7452    0.0676    -3.0042    0.40    0.40    0.32
253    3.0987    0.65    -0.7987    0.1157    -2.9918    0.39    0.40    0.32
254    3.0609    0.65    -0.8162    0.0590    -2.9494    0.39    0.40    0.32
255    3.0852    0.65    -0.8613    0.0551    -2.9620    0.39    0.40    0.32
256    3.1052    0.65    -0.8226    0.0892    -2.9929    0.39    0.40    0.32
257    3.2168    0.64    -0.9288    0.1203    -3.0775    0.39    0.40    0.32
258    3.1907    0.64    -0.9017    0.1383    -3.0575    0.39    0.40    0.32
259    3.2231    0.64    -0.9809    0.0740    -3.0694    0.39    0.40    0.32
260    2.9459    0.64    -0.8375    0.1120    -2.8221    0.39    0.39    0.32
261    2.9675    0.64    -0.8725    0.0774    -2.8353    0.39    0.39    0.32
262    3.0749    0.63    -1.0355    0.0595    -2.8947    0.39    0.39    0.31
263    3.0805    0.63    -1.0890    0.0499    -2.8811    0.39    0.39    0.31
264    3.1620    0.63    -1.0818    -0.0119    -2.9711    0.39    0.39    0.31
265    3.1593    0.63    -1.0442    -0.0787    -2.9807    0.39    0.39    0.31
266    3.1842    0.63    -1.0274    -0.0434    -3.0136    0.39    0.39    0.31
267    3.0973    0.63    -1.4749    -0.0551    -2.7231    0.39    0.39    0.31
268    3.1195    0.63    -1.4763    -0.0252    -2.7479    0.39    0.39    0.31
269    3.0984    0.63    -1.4376    -0.0425    -2.7444    0.38    0.39    0.31
270    3.1301    0.63    -1.4389    -0.0740    -2.7787    0.38    0.39    0.31
271    3.1860    0.63    -1.6423    0.1353    -2.7268    0.38    0.39    0.31
272    3.2036    0.63    -1.6217    0.1381    -2.7594    0.38    0.39    0.31
273    3.2428    0.63    -1.6899    0.1188    -2.7652    0.38    0.39    0.31
274    3.2467    0.63    -1.6906    0.0897    -2.7703    0.38    0.39    0.31
275    3.1352    0.63    -1.6291    0.2370    -2.6683    0.38    0.39    0.31
276    3.2777    0.62    -1.5277    0.2403    -2.8899    0.38    0.38    0.30
277    3.3485    0.62    -1.6109    0.2833    -2.9219    0.38    0.38    0.30
278    3.3534    0.62    -1.6295    0.2711    -2.9183    0.38    0.38    0.30
279    3.2748    0.62    -1.5802    0.3539    -2.8464    0.38    0.38    0.30
280    3.2672    0.62    -1.5972    0.3611    -2.8272    0.38    0.38    0.30
281    3.2696    0.62    -1.5802    0.4083    -2.8331    0.38    0.38    0.30
282    3.0848    0.62    -1.5257    0.3770    -2.6545    0.38    0.38    0.30
283    2.9813    0.62    -1.4907    0.5437    -2.5240    0.38    0.38    0.30
284    2.9920    0.62    -1.5273    0.5377    -2.5160    0.38    0.38    0.30
285    2.9879    0.62    -1.5181    0.5188    -2.5206    0.38    0.38    0.30
286    2.9724    0.62    -1.5838    0.4782    -2.4694    0.38    0.38    0.30
287    3.1017    0.61    -1.6457    -0.1283    -2.6260    0.38    0.38    0.30
288    3.0943    0.61    -1.6684    -0.1281    -2.6029    0.38    0.38    0.30
289    3.2564    0.61    -1.7858    -0.0150    -2.7231    0.37    0.38    0.30
290    3.3662    0.61    -1.6495    0.1324    -2.9313    0.37    0.38    0.30
291    2.8388    0.60    -1.0818    0.2582    -2.6118    0.37    0.37    0.29
292    2.8468    0.60    -1.0827    0.2658    -2.6194    0.37    0.37    0.29
293    2.9203    0.60    -1.1401    0.3425    -2.6666    0.37    0.37    0.29
294    2.8168    0.60    -1.2010    0.1951    -2.5405    0.37    0.37    0.29
295    3.0518    0.59    0.2870    1.8275    -2.4272    0.36    0.37    0.29
296    3.1447    0.59    0.3136    1.8820    -2.4998    0.36    0.37    0.29
297    3.0803    0.58    0.1368    1.6437    -2.6015    0.36    0.36    0.29
298    3.0908    0.58    0.1480    1.6634    -2.6008    0.36    0.36    0.29
299    3.4332    0.58    -0.1909    2.3467    -2.4987    0.36    0.36    0.29
300    3.4368    0.58    -0.2138    2.3241    -2.5227    0.36    0.36    0.29
301    3.3905    0.58    -0.3036    2.2734    -2.4969    0.36    0.36    0.29
302    3.3608    0.58    -0.3128    2.2937    -2.4364    0.36    0.36    0.29
303    4.1965    0.58    -0.8891    3.3733    -2.3326    0.35    0.36    0.29
304    4.2096    0.58    -0.8845    3.3879    -2.3367    0.35    0.36    0.29
305    4.2081    0.58    -0.8577    3.4000    -2.3265    0.35    0.36    0.29
306    4.1593    0.58    -0.8645    3.3319    -2.3347    0.35    0.36    0.29
307    4.8001    0.58    -1.0246    4.1994    -2.0872    0.35    0.36    0.29
308    4.8820    0.58    -1.0090    4.1973    -2.2800    0.35    0.36    0.29
309    4.8547    0.58    -1.0983    4.0737    -2.4015    0.35    0.35    0.29
310    4.9516    0.57    -0.9512    4.1828    -2.4735    0.35    0.35    0.28
311    4.9872    0.57    -0.9629    4.1997    -2.5114    0.35    0.35    0.28
312    4.6066    0.50    -0.6835    3.7734    -2.5524    0.29    0.29    0.28
313    4.7959    0.50    -0.6638    3.8557    -2.7737    0.29    0.29    0.28
314    4.7743    0.50    -0.6848    3.8231    -2.7764    0.29    0.29    0.28
315    4.7594    0.50    -0.6807    3.8138    -2.7646    0.29    0.29    0.28
316    4.6343    0.50    -0.6509    3.7505    -2.6433    0.29    0.29    0.28
317    4.6621    0.50    -0.6703    3.7786    -2.6471    0.29    0.29    0.28
318    4.6436    0.50    -0.6838    3.7543    -2.6459    0.29    0.29    0.28
319    4.6459    0.50    -0.7296    3.7534    -2.6388    0.29    0.29    0.28
320    4.6770    0.50    -0.7600    3.7818    -2.6446    0.29    0.29    0.28
321    4.7100    0.50    -0.7919    3.7888    -2.6836    0.29    0.29    0.28
322    4.6201    0.50    -0.8604    3.7823    -2.5098    0.29    0.29    0.28
323    4.6717    0.49    -0.8693    3.8200    -2.5450    0.29    0.29    0.28
324    4.6408    0.49    -0.8448    3.7490    -2.6016    0.29    0.29    0.28
325    4.5622    0.49    -0.9455    3.7576    -2.4083    0.29    0.29    0.27
326    4.5623    0.49    -0.9233    3.7501    -2.4288    0.29    0.29    0.27
327    3.3238    0.45    -1.2844    2.3999    -1.9074    0.26    0.26    0.26
328    3.2837    0.45    -1.3268    2.3734    -1.8410    0.26    0.26    0.26
329    3.3003    0.45    -1.3451    2.3652    -1.8677    0.26    0.26    0.26
330    3.3049    0.45    -1.4730    2.2876    -1.8759    0.26    0.26    0.26
331    3.3188    0.45    -1.4700    2.2560    -1.9401    0.26    0.26    0.26
332    3.3426    0.45    -1.4677    2.2696    -1.9666    0.26    0.26    0.26
333    3.3794    0.44    -1.5413    2.2658    -1.9775    0.26    0.25    0.26
334    3.4149    0.44    -1.5199    2.3068    -2.0075    0.26    0.25    0.26
335    3.4206    0.44    -1.5350    2.3118    -1.9999    0.26    0.25    0.26
336    3.4164    0.44    -1.7089    2.2823    -1.8821    0.25    0.25    0.25
337    3.4448    0.44    -1.7318    2.3047    -1.8858    0.25    0.25    0.25
338    3.4481    0.44    -1.7534    2.2775    -1.9048    0.25    0.25    0.25
339    3.4028    0.43    -1.8740    2.0184    -1.9983    0.25    0.25    0.25
340    3.5499    0.43    -1.9641    1.9501    -2.2229    0.25    0.25    0.24
341    3.5921    0.43    -1.9361    1.9695    -2.2969    0.25    0.25    0.24
342    3.6268    0.43    -2.0002    2.0646    -2.2113    0.25    0.25    0.24
343    3.4631    0.42    -2.0594    1.9670    -1.9705    0.25    0.25    0.24
344    3.4696    0.42    -2.0501    1.9647    -1.9938    0.25    0.25    0.24
345    3.5044    0.42    -2.0574    1.9920    -2.0199    0.25    0.25    0.24
346    3.4659    0.42    -2.0406    2.0209    -1.9402    0.25    0.25    0.24
347    3.3768    0.42    -1.9386    1.9948    -1.9144    0.25    0.25    0.24
348    3.3378    0.42    -1.9257    1.9703    -1.8842    0.25    0.25    0.24
349    3.2793    0.42    -1.9567    1.8912    -1.8298    0.25    0.24    0.24
350    3.2820    0.42    -1.9585    1.8898    -1.8342    0.25    0.24    0.24
351    3.2921    0.42    -1.9991    1.8852    -1.8131    0.25    0.24    0.24
352    3.2507    0.42    -2.0079    1.8714    -1.7415    0.25    0.24    0.24
353    3.3253    0.42    -2.0571    1.8847    -1.8094    0.25    0.24    0.24
354    3.3140    0.42    -2.0531    1.8668    -1.8119    0.25    0.24    0.24
355    3.3327    0.42    -2.0793    1.8535    -1.8299    0.25    0.24    0.24
356    3.3640    0.42    -2.0825    1.8686    -1.8677    0.25    0.24    0.24
357    3.4962    0.41    -2.3339    1.7393    -1.9368    0.24    0.23    0.24
358    2.8683    0.40    -1.8866    1.6246    -1.4241    0.23    0.23    0.22
359    2.8459    0.40    -1.8874    1.6180    -1.3853    0.23    0.23    0.22
360    2.8254    0.40    -1.8725    1.5908    -1.3951    0.23    0.23    0.22
361    2.8429    0.40    -1.9228    1.6008    -1.3500    0.23    0.23    0.22
362    2.8622    0.40    -1.9373    1.6058    -1.3640    0.23    0.23    0.22
363    3.0788    0.39    -2.0990    1.6882    -1.4911    0.23    0.23    0.22
364    2.8178    0.39    -2.0192    1.4429    -1.3344    0.23    0.23    0.22
365    2.8141    0.39    -2.0010    1.4367    -1.3606    0.23    0.23    0.22
366    2.7962    0.39    -1.9493    1.4982    -1.3322    0.23    0.23    0.22
367    2.6066    0.38    -2.1081    1.1903    -0.9664    0.22    0.23    0.21
368    2.6119    0.38    -2.1331    1.1788    -0.9394    0.22    0.23    0.21
369    2.7221    0.38    -2.1870    1.2930    -0.9773    0.22    0.22    0.21
370    2.6864    0.38    -2.1748    1.2742    -0.9291    0.22    0.22    0.21
371    2.6969    0.38    -2.1732    1.2822    -0.9519    0.22    0.22    0.21
372    2.7424    0.38    -2.1813    1.3407    -0.9824    0.22    0.22    0.21
373    2.7569    0.38    -2.1773    1.3791    -0.9787    0.22    0.22    0.21
374    2.7606    0.38    -2.1734    1.3831    -0.9922    0.22    0.22    0.21
375    2.4124    0.38    -1.9120    1.1334    -0.9379    0.22    0.22    0.21
376    2.3887    0.38    -1.8951    1.2227    -0.7868    0.22    0.22    0.21
377    2.4248    0.38    -1.9130    1.2323    -0.8376    0.22    0.22    0.21
378    2.4689    0.38    -1.9167    1.3267    -0.8134    0.22    0.22    0.21
379    2.5521    0.37    -1.8036    1.5944    -0.8474    0.22    0.22    0.21
380    2.6239    0.37    -1.8183    1.6451    -0.9341    0.22    0.22    0.21
381    2.8997    0.36    -1.9226    1.8705    -1.1016    0.21    0.21    0.20
382    2.6882    0.36    -1.9325    1.5885    -0.9841    0.21    0.21    0.20
383    2.8262    0.35    -1.9319    1.5909    -1.3132    0.21    0.21    0.20
384    2.8292    0.35    -1.9342    1.5523    -1.3615    0.21    0.21    0.20
385    2.9459    0.35    -1.8021    1.4123    -1.8537    0.21    0.21    0.19
386    2.9407    0.35    -1.7694    1.3915    -1.8923    0.21    0.21    0.19
387    2.9261    0.35    -1.7314    1.3403    -1.9411    0.21    0.21    0.19
388    2.8904    0.35    -1.7877    1.3287    -1.8420    0.21    0.21    0.19
389    2.9155    0.35    -1.7604    1.3157    -1.9158    0.21    0.21    0.19
390    2.9195    0.35    -1.7845    1.3046    -1.9071    0.21    0.21    0.19
391    2.9692    0.35    -1.7823    1.4456    -1.8841    0.21    0.21    0.19
392    2.9895    0.35    -1.7878    1.4654    -1.8956    0.21    0.21    0.19
393    3.0283    0.35    -1.8176    1.5062    -1.8969    0.21    0.21    0.19
394    3.1224    0.35    -1.9148    1.4838    -1.9700    0.21    0.21    0.19
395    3.1776    0.35    -1.8951    1.5058    -2.0586    0.21    0.21    0.19
396    3.1256    0.35    -1.8441    1.3758    -2.1156    0.21    0.21    0.19
397    3.0143    0.35    -1.8500    1.4802    -1.8636    0.21    0.21    0.19
398    3.0156    0.35    -1.8493    1.4780    -1.8679    0.21    0.21    0.19
399    2.9888    0.35    -1.8322    1.4577    -1.8578    0.21    0.21    0.19
400    3.0023    0.35    -1.8442    1.4272    -1.8910    0.21    0.21    0.19
401    3.0148    0.35    -1.8166    1.4176    -1.9440    0.21    0.21    0.19
402    3.0106    0.35    -1.8118    1.4694    -1.9031    0.21    0.21    0.19
403    3.1365    0.35    -1.5210    1.6763    -2.1711    0.21    0.20    0.19
404    3.1520    0.35    -1.5349    1.6673    -2.1907    0.21    0.20    0.19
405    3.1542    0.35    -1.5366    1.6955    -2.1709    0.21    0.20    0.19
406    3.5848    0.34    -1.6865    2.1487    -2.3215    0.21    0.20    0.18
407    3.7311    0.34    -1.7477    2.1038    -2.5380    0.20    0.20    0.18
408    3.7514    0.34    -1.7311    2.1403    -2.5487    0.20    0.20    0.18
409    3.7587    0.34    -1.7390    2.1784    -2.5215    0.20    0.20    0.18
410    3.8226    0.34    -1.7665    2.1941    -2.5842    0.20    0.20    0.18
411    3.9307    0.34    -1.8018    2.3028    -2.6270    0.20    0.20    0.18
412    3.9686    0.34    -1.8780    2.3976    -2.5445    0.20    0.20    0.18
413    3.8220    0.34    -1.9272    2.4173    -2.2472    0.20    0.20    0.18
414    3.8237    0.32    -1.5594    2.5468    -2.3880    0.19    0.19    0.17
415    3.7354    0.32    -1.6280    2.4273    -2.3263    0.19    0.19    0.17
416    3.7964    0.32    -1.5894    2.4611    -2.4144    0.19    0.19    0.17
417    3.7991    0.32    -1.6203    2.3990    -2.4601    0.19    0.19    0.17
418    3.2753    0.31    -1.1119    2.2325    -2.1231    0.19    0.19    0.16
419    3.2601    0.31    -1.1021    2.2269    -2.1105    0.19    0.19    0.16
420    3.2650    0.31    -1.0942    2.2288    -2.1203    0.19    0.19    0.16
421    3.2694    0.31    -1.1035    2.1971    -2.1550    0.19    0.19    0.16
422    3.2806    0.31    -1.0835    2.1835    -2.1956    0.19    0.19    0.16
423    3.4133    0.31    -1.3936    2.2920    -2.1108    0.19    0.19    0.16
424    3.4736    0.31    -1.3323    2.4386    -2.0842    0.19    0.19    0.16
425    3.5383    0.31    -1.3291    2.4777    -2.1480    0.19    0.19    0.16
426    3.5878    0.31    -1.4624    2.4611    -2.1626    0.18    0.19    0.16
427    3.8034    0.30    -0.5617    2.5682    -2.7486    0.18    0.19    0.15
428    3.8322    0.30    -0.4789    2.5462    -2.8237    0.18    0.18    0.15
429    3.8170    0.30    -0.6917    2.4882    -2.8106    0.18    0.18    0.15
430    3.7971    0.30    -0.6874    2.5408    -2.7369    0.18    0.18    0.15
431    3.9443    0.29    -0.7866    2.4519    -2.9878    0.18    0.18    0.14
432    3.9037    0.29    -0.8681    2.2668    -3.0572    0.18    0.18    0.14
433    3.8935    0.29    -0.9095    2.3218    -2.9902    0.18    0.18    0.14
434    3.9063    0.29    -0.8985    2.3115    -3.0181    0.18    0.18    0.14
435    3.9328    0.29    -0.8613    2.3286    -3.0501    0.18    0.18    0.14
436    3.9629    0.29    -0.9498    2.4515    -2.9653    0.18    0.18    0.14
437    3.9709    0.29    -0.9501    2.4330    -2.9910    0.18    0.18    0.14
438    3.8118    0.29    -1.0430    1.9438    -3.1087    0.17    0.18    0.14
439    3.5407    0.28    -0.2850    1.7767    -3.0493    0.17    0.18    0.14
440    3.5625    0.28    -0.2685    1.7971    -3.0642    0.17    0.18    0.14
441    3.5545    0.28    -0.4023    1.6709    -3.1114    0.17    0.18    0.14
442    3.8677    0.28    -1.3263    1.7497    -3.1842    0.17    0.18    0.13
443    3.8810    0.28    -1.3316    1.7485    -3.1987    0.17    0.18    0.13
444    4.0513    0.28    -1.4064    1.8786    -3.3024    0.17    0.18    0.13
445    4.2607    0.28    -1.4006    2.4968    -3.1556    0.17    0.18    0.13
446    4.3167    0.27    -1.3336    2.3753    -3.3485    0.17    0.18    0.13
447    4.3008    0.27    -1.2696    2.4796    -3.2767    0.17    0.18    0.13
448    4.4013    0.27    -0.9905    2.2968    -3.6215    0.17    0.18    0.13
449    4.4462    0.27    -0.9533    2.3563    -3.6481    0.17    0.18    0.13
450    4.4763    0.27    -0.9254    2.5135    -3.5865    0.17    0.18    0.13
451    4.4940    0.27    -0.9282    2.5950    -3.5498    0.17    0.18    0.13
452    4.4975    0.27    -0.9179    2.5935    -3.5579    0.17    0.18    0.13
453    4.5024    0.27    -0.9641    2.5562    -3.5788    0.17    0.18    0.13
454    4.4669    0.27    -0.9386    2.6509    -3.4706    0.17    0.18    0.13
455    4.5112    0.27    -0.9104    2.6957    -3.5007    0.17    0.18    0.13
456    4.5019    0.27    -0.8881    2.6754    -3.5100    0.17    0.18    0.13
457    4.5404    0.27    -0.8837    2.6589    -3.5728    0.17    0.18    0.13
458    4.4935    0.27    -0.8873    2.5981    -3.5573    0.17    0.18    0.13
459    4.4540    0.27    -0.8481    2.5628    -3.5427    0.17    0.18    0.13
460    4.4614    0.27    -0.8538    2.5716    -3.5443    0.17    0.18    0.13
461    4.4834    0.27    -0.8392    2.5837    -3.5666    0.17    0.18    0.13
462    4.4864    0.27    -0.8177    2.7055    -3.4843    0.17    0.18    0.13
463    4.5395    0.27    -0.8283    2.7265    -3.5338    0.17    0.18    0.13
464    4.4936    0.27    -0.8887    2.6719    -3.5020    0.17    0.18    0.13
465    4.6735    0.27    -1.0021    2.7020    -3.6793    0.16    0.17    0.12
466    5.6098    0.26    -1.3214    3.5796    -4.1122    0.16    0.17    0.12
467    5.6094    0.26    -1.3101    3.5657    -4.1273    0.16    0.17    0.12
468    5.8866    0.26    -1.4275    3.8764    -4.1939    0.16    0.17    0.12
469    5.9908    0.26    -1.4595    3.9651    -4.2470    0.16    0.17    0.12
470    6.3690    0.26    -1.8373    4.4074    -4.2147    0.16    0.17    0.12
471    6.4093    0.26    -1.8619    4.4048    -4.2674    0.16    0.17    0.12
472    6.8523    0.26    -2.2405    5.0366    -4.0703    0.16    0.17    0.12
473    6.8534    0.26    -2.2542    5.0314    -4.0709    0.16    0.17    0.12
474    6.8560    0.26    -2.2381    5.0354    -4.0793    0.16    0.17    0.12
475    6.8613    0.26    -2.2194    5.0275    -4.1080    0.16    0.17    0.12
476    6.8635    0.26    -2.2061    5.0188    -4.1294    0.16    0.17    0.12
477    6.8658    0.26    -2.2104    4.9956    -4.1590    0.16    0.17    0.12
478    6.9410    0.26    -1.9932    4.9117    -4.4810    0.16    0.17    0.12
479    6.9694    0.26    -1.8795    4.8743    -4.6132    0.16    0.17    0.12
480    6.9463    0.26    -1.9056    4.8529    -4.5901    0.16    0.17    0.12
481    6.9512    0.26    -1.9040    4.8827    -4.5665    0.16    0.17    0.12
482    6.9443    0.26    -1.8885    4.9404    -4.5000    0.16    0.17    0.12
483    6.9319    0.26    -1.7962    5.0131    -4.4378    0.16    0.17    0.12
484    6.8944    0.25    -1.3104    5.1355    -4.4092    0.15    0.17    0.12
485    6.9160    0.25    -1.2936    5.1625    -4.4166    0.15    0.17    0.12
486    6.9461    0.25    -1.2980    5.2049    -4.4128    0.15    0.17    0.12
487    6.9752    0.25    -1.2795    5.3475    -4.2918    0.15    0.17    0.12
488    7.0357    0.25    -1.2699    5.3774    -4.3558    0.15    0.17    0.12
489    7.1704    0.25    -1.3754    5.4555    -4.4452    0.15    0.17    0.12
490    7.1558    0.25    -1.3941    5.4481    -4.4249    0.15    0.17    0.12
491    7.1564    0.25    -1.3817    5.4095    -4.4769    0.15    0.17    0.12
492    7.1889    0.25    -1.3676    5.4401    -4.4963    0.15    0.17    0.12
493    7.1876    0.25    -1.3648    5.4428    -4.4917    0.15    0.17    0.12
494    7.4023    0.25    -1.4033    5.6609    -4.5583    0.15    0.16    0.11
495    7.3926    0.25    -1.4279    5.6391    -4.5620    0.15    0.16    0.11
496    7.5103    0.25    -1.4273    5.9222    -4.3926    0.15    0.16    0.11
497    7.5452    0.25    -1.4094    5.9556    -4.4130    0.15    0.16    0.11
498    7.5569    0.25    -1.4574    5.9644    -4.4055    0.15    0.16    0.11
499    7.5569    0.25    -1.4574    5.9644    -4.4055    0.15    0.16    0.11
