100    2.4205    1.54    0.0830    0.3828    -2.3886    0.84    0.94    0.89
101    2.4766    1.54    0.0363    0.4567    -2.4338    0.84    0.94    0.89
102    2.5463    1.54    -0.0074    0.5321    -2.4900    0.84    0.93    0.89
103    2.7731    1.53    0.0094    0.6450    -2.6970    0.84    0.93    0.88
104    2.5530    1.53    -0.0790    0.5056    -2.5012    0.84    0.93    0.88
105    2.4615    1.52    -0.0384    0.3971    -2.4290    0.83    0.93    0.88
106    2.4433    1.52    -0.0450    0.3312    -2.4203    0.83    0.93    0.88
107    2.4197    1.44    -0.0698    -0.1659    -2.4130    0.76    0.86    0.87
108    2.3398    1.44    -0.0967    -0.2325    -2.3262    0.76    0.86    0.87
109    2.5237    1.43    -0.0589    -0.0823    -2.5217    0.76    0.86    0.86
110    2.4105    1.43    -0.1673    -0.0875    -2.4031    0.76    0.85    0.86
111    2.0819    1.41    0.0107    -0.1740    -2.0746    0.76    0.84    0.85
112    2.1495    1.41    0.0687    -0.1148    -2.1453    0.76    0.84    0.85
113    2.2264    1.40    -0.0690    -0.0491    -2.2248    0.75    0.83    0.84
114    2.1121    1.39    -0.0755    -0.1317    -2.1067    0.75    0.83    0.83
115    2.0940    1.39    -0.0920    -0.1248    -2.0882    0.75    0.83    0.83
116    2.0751    1.39    -0.0648    -0.1508    -2.0686    0.75    0.83    0.83
117    1.9851    1.39    -0.0801    -0.1106    -1.9804    0.75    0.83    0.83
118    2.0245    1.38    -0.1785    -0.1280    -2.0125    0.75    0.82    0.83
119    2.1251    1.18    -0.4338    0.0428    -2.0799    0.68    0.73    0.64
120    2.1278    1.18    -0.4738    0.0399    -2.0740    0.68    0.73    0.64
121    2.1353    1.18    -0.4671    0.0344    -2.0832    0.68    0.73    0.64
122    2.1643    1.18    -0.4979    -0.1107    -2.1033    0.68    0.72    0.63
123    2.1591    1.18    -0.4816    -0.1054    -2.1021    0.68    0.72    0.63
124    2.0928    1.17    -0.4483    -0.0745    -2.0428    0.68    0.72    0.63
125    2.2309    1.14    -0.3743    -0.2507    -2.1850    0.68    0.70    0.60
126    2.2525    1.14    -0.3909    -0.2311    -2.2062    0.68    0.70    0.60
127    2.1876    1.14    -0.3334    -0.2539    -2.1470    0.68    0.70    0.60
128    2.1803    1.14    -0.3743    -0.2822    -2.1293    0.68    0.70    0.60
129    2.2889    1.14    -0.3033    -0.3348    -2.2438    0.68    0.70    0.59
130    2.3995    1.14    -0.3619    -0.2873    -2.3546    0.68    0.70    0.59
131    2.4262    1.13    -0.2782    -0.3491    -2.3848    0.67    0.70    0.58
132    2.3996    1.13    -0.3458    -0.3045    -2.3550    0.67    0.70    0.58
133    2.3851    1.13    -0.3725    -0.2942    -2.3374    0.67    0.70    0.58
134    2.3140    1.13    -0.3142    -0.2266    -2.2813    0.67    0.69    0.58
135    2.3074    1.13    -0.3182    -0.2373    -2.2730    0.67    0.69    0.58
136    2.1745    1.12    -0.2683    -0.1455    -2.1530    0.67    0.69    0.58
137    2.2575    1.12    -0.2131    -0.1020    -2.2451    0.67    0.69    0.58
138    2.2833    1.12    -0.2603    -0.0991    -2.2662    0.67    0.69    0.58
139    2.2194    1.12    -0.4067    -0.1059    -2.1792    0.67    0.69    0.57
140    2.2016    1.12    -0.3992    -0.1279    -2.1614    0.67    0.69    0.57
141    2.2473    1.12    -0.3888    -0.1063    -2.2108    0.67    0.69    0.57
142    2.2838    1.12    -0.3717    -0.0100    -2.2533    0.67    0.69    0.57
143    2.1787    1.11    -0.2782    -0.0860    -2.1591    0.66    0.69    0.57
144    2.0042    1.10    -0.1032    -0.0555    -2.0007    0.66    0.68    0.55
145    2.1662    0.97    -0.4507    0.0356    -2.1185    0.57    0.58    0.52
146    2.0601    0.97    -0.4550    0.1387    -2.0044    0.57    0.58    0.52
147    2.1429    0.96    -0.4559    0.0654    -2.0928    0.57    0.58    0.52
148    2.1589    0.95    -0.5311    0.2069    -2.0823    0.56    0.57    0.51
149    2.1807    0.95    -0.5258    0.1422    -2.1115    0.56    0.57    0.51
150    2.1641    0.95    -0.5470    0.0887    -2.0920    0.56    0.57    0.51
151    2.1887    0.95    -0.5178    0.1392    -2.1221    0.56    0.57    0.51
152    2.1259    0.95    -0.5422    0.1585    -2.0495    0.56    0.57    0.50
153    2.1263    0.95    -0.5436    0.1393    -2.0509    0.56    0.57    0.50
154    2.2029    0.95    -0.5279    0.1541    -2.1331    0.56    0.57    0.50
155    2.1981    0.95    -0.5375    0.1417    -2.1267    0.56    0.57    0.50
156    2.1965    0.95    -0.5510    0.1376    -2.1218    0.56    0.57    0.50
157    2.1996    0.95    -0.5700    0.1387    -2.1199    0.56    0.57    0.50
158    2.2033    0.95    -0.5804    0.1409    -2.1208    0.56    0.57    0.50
159    2.0645    0.95    -0.5646    0.1608    -1.9792    0.56    0.57    0.50
160    2.1504    0.94    -0.6267    0.2010    -2.0472    0.56    0.57    0.50
161    2.0926    0.94    -0.5590    0.2742    -1.9978    0.56    0.57    0.50
162    2.1110    0.94    -0.5490    0.2806    -2.0190    0.56    0.57    0.50
163    2.1279    0.94    -0.5862    0.2271    -2.0329    0.56    0.57    0.50
164    2.1546    0.94    -0.6248    0.2032    -2.0520    0.56    0.57    0.50
165    2.1497    0.94    -0.6483    0.2157    -2.0382    0.56    0.57    0.50
166    2.1511    0.94    -0.5454    0.2666    -2.0636    0.56    0.57    0.49
167    1.5889    0.92    -0.6442    0.4405    -1.3840    0.55    0.56    0.47
168    1.7248    0.91    -0.5385    0.5156    -1.5553    0.55    0.56    0.46
169    1.7519    0.91    -0.5547    0.5650    -1.5628    0.55    0.56    0.46
170    1.7918    0.91    -0.5391    0.5914    -1.6032    0.55    0.56    0.46
171    1.8999    0.91    -0.4514    0.6641    -1.7218    0.55    0.56    0.46
172    1.9446    0.91    -0.4114    0.6482    -1.7866    0.55    0.56    0.46
173    1.9675    0.91    -0.4191    0.6864    -1.7957    0.55    0.56    0.46
174    1.9416    0.91    -0.3893    0.6873    -1.7736    0.55    0.56    0.46
175    1.9428    0.91    -0.3524    0.6784    -1.7861    0.55    0.56    0.46
176    1.9888    0.91    -0.4114    0.6895    -1.8195    0.55    0.56    0.46
177    2.0026    0.90    -0.4730    0.6487    -1.8346    0.55    0.56    0.46
178    2.0804    0.90    -0.5146    0.7122    -1.8857    0.54    0.56    0.46
179    2.0742    0.90    -0.5060    0.7603    -1.8623    0.54    0.56    0.46
180    2.0602    0.90    -0.5378    0.7202    -1.8537    0.54    0.55    0.46
181    2.1231    0.90    -0.5696    0.7331    -1.9093    0.54    0.55    0.46
182    2.2433    0.90    -0.4627    0.8235    -2.0347    0.54    0.55    0.45
183    2.4374    0.88    -0.2968    0.7089    -2.3131    0.54    0.54    0.43
184    2.4124    0.88    -0.1929    0.7469    -2.2857    0.53    0.54    0.43
185    2.4207    0.78    -0.5810    1.5086    -1.8018    0.47    0.47    0.41
186    2.4429    0.78    -0.5769    1.5482    -1.7994    0.47    0.47    0.41
187    2.4077    0.78    -0.5603    1.5254    -1.7766    0.47    0.47    0.41
188    2.4294    0.78    -0.6008    1.5373    -1.7827    0.47    0.47    0.41
189    2.4289    0.78    -0.6058    1.5333    -1.7837    0.47    0.47    0.41
190    2.5752    0.75    -0.4565    1.5938    -1.9705    0.45    0.47    0.38
191    2.5699    0.75    -0.4573    1.5836    -1.9717    0.45    0.47    0.38
192    2.6288    0.75    -0.3945    1.6769    -1.9857    0.45    0.47    0.38
193    2.5726    0.75    -0.4322    1.6526    -1.9236    0.45    0.47    0.38
194    2.5325    0.75    -0.4305    1.5907    -1.9230    0.45    0.47    0.38
195    2.5254    0.75    -0.4375    1.5860    -1.9160    0.45    0.47    0.38
196    2.5930    0.75    -0.4734    1.5645    -2.0129    0.45    0.47    0.38
197    2.4942    0.75    -0.5075    1.5525    -1.8850    0.45    0.47    0.38
198    2.6553    0.75    -0.5282    1.6170    -2.0389    0.45    0.47    0.37
199    2.6438    0.75    -0.4987    1.6347    -2.0171    0.45    0.47    0.37
200    2.6620    0.75    -0.4783    1.6136    -2.0624    0.45    0.47    0.37
201    2.7001    0.74    -0.4404    1.6742    -2.0721    0.45    0.47    0.37
202    2.6788    0.74    -0.4417    1.6267    -2.0819    0.45    0.46    0.37
203    2.7082    0.74    -0.3860    1.6874    -2.0828    0.45    0.46    0.37
204    2.8152    0.74    -0.4369    1.7162    -2.1884    0.44    0.46    0.36
205    2.8542    0.74    -0.4412    1.7418    -2.2176    0.44    0.46    0.36
206    2.8461    0.74    -0.4452    1.7302    -2.2155    0.44    0.46    0.36
207    2.8510    0.74    -0.4461    1.7548    -2.2022    0.44    0.46    0.36
208    2.7578    0.74    -0.4755    1.6300    -2.1732    0.44    0.46    0.36
209    2.8292    0.74    -0.5167    1.5630    -2.3009    0.44    0.46    0.36
210    2.7936    0.73    -0.5349    1.4749    -2.3115    0.44    0.46    0.36
211    2.8050    0.73    -0.4655    1.4985    -2.3251    0.44    0.46    0.36
212    2.8047    0.73    -0.4573    1.4399    -2.3630    0.44    0.46    0.36
213    2.7834    0.73    -0.4125    1.4198    -2.3582    0.44    0.46    0.36
214    2.7824    0.73    -0.4131    1.4131    -2.3610    0.44    0.46    0.36
215    2.8365    0.73    -0.4328    1.4141    -2.4205    0.44    0.46    0.36
216    2.8300    0.72    -0.4626    1.1391    -2.5490    0.43    0.45    0.35
217    2.8037    0.72    -0.4419    1.1406    -2.5228    0.43    0.45    0.35
218    2.8381    0.72    -0.4373    1.1763    -2.5456    0.43    0.45    0.35
219    2.8068    0.72    -0.4076    1.1570    -2.5246    0.43    0.45    0.35
220    2.8067    0.72    -0.4069    1.1505    -2.5275    0.43    0.45    0.35
221    2.8173    0.72    -0.4227    1.1551    -2.5346    0.43    0.45    0.35
222    2.8190    0.72    -0.4451    1.1696    -2.5260    0.43    0.45    0.35
223    2.7912    0.72    -0.4670    1.1325    -2.5080    0.43    0.45    0.35
224    2.7674    0.72    -0.4656    1.1314    -2.4822    0.43    0.45    0.35
225    2.8101    0.71    -0.4213    1.1704    -2.5198    0.43    0.45    0.35
226    2.7434    0.71    -0.4410    1.1022    -2.4733    0.43    0.45    0.35
227    2.4850    0.71    -0.2654    1.1493    -2.1872    0.43    0.45    0.35
228    2.4324    0.71    -0.2695    1.0033    -2.1994    0.43    0.44    0.35
229    2.4807    0.69    -0.4561    0.7205    -2.3295    0.41    0.43    0.35
230    2.4966    0.69    -0.4837    0.7530    -2.3307    0.41    0.43    0.34
231    2.5838    0.68    -0.4787    0.6787    -2.4466    0.41    0.43    0.34
232    2.5413    0.68    -0.4703    0.5366    -2.4390    0.41    0.42    0.34
233    2.5791    0.68    -0.4717    0.5722    -2.4702    0.41    0.42    0.34
234    2.6148    0.68    -0.4481    0.5765    -2.5108    0.41    0.42    0.34
235    2.6183    0.68    -0.4432    0.5689    -2.5170    0.41    0.42    0.34
236    2.5926    0.68    -0.5364    0.5213    -2.4823    0.41    0.42    0.34
237    2.5732    0.68    -0.5556    0.5107    -2.4601    0.41    0.42    0.34
238    2.8124    0.67    -0.4490    0.5021    -2.7306    0.41    0.42    0.33
239    2.8373    0.67    -0.4782    0.4908    -2.7533    0.41    0.42    0.33
240    2.8196    0.67    -0.4981    0.4989    -2.7301    0.41    0.42    0.33
241    2.8239    0.67    -0.5387    0.4898    -2.7284    0.41    0.42    0.33
242    2.8297    0.67    -0.5576    0.4771    -2.7328    0.41    0.42    0.33
243    2.9028    0.67    -0.5554    0.5400    -2.7975    0.41    0.42    0.33
244    2.8994    0.67    -0.5987    0.5317    -2.7867    0.40    0.42    0.33
245    2.9081    0.67    -0.6549    0.5830    -2.7728    0.40    0.42    0.33
246    2.9384    0.67    -0.6648    0.6192    -2.7944    0.40    0.42    0.33
247    3.0337    0.67    -0.6542    0.6810    -2.8831    0.40    0.42    0.33
248    3.0125    0.67    -0.6804    0.6808    -2.8546    0.40    0.42    0.33
249    2.9977    0.67    -0.6756    0.6363    -2.8504    0.40    0.42    0.33
250    2.9296    0.65    -0.9643    0.6399    -2.6913    0.40    0.41    0.32
251    3.0535    0.65    -1.0758    0.6669    -2.7788    0.39    0.40    0.32
252    3.0724    0.65    -1.1117    0.6291    -2.7943    0.39    0.40    0.32
253    3.1162    0.65    -1.1430    0.6346    -2.8286    0.39    0.40    0.32
254    3.1265    0.65    -1.1445    0.6433    -2.8375    0.39    0.40    0.32
255    3.1789    0.65    -1.1110    0.6219    -2.9128    0.39    0.40    0.32
256    3.2634    0.65    -1.0820    0.6869    -3.0013    0.39    0.40    0.32
257    3.2465    0.65    -1.0438    0.6132    -3.0124    0.39    0.40    0.32
258    3.2265    0.65    -1.0035    0.5942    -3.0083    0.39    0.40    0.32
259    3.3796    0.64    -1.0226    0.7470    -3.1334    0.39    0.40    0.31
260    3.4025    0.64    -1.0959    0.7228    -3.1390    0.39    0.40    0.31
261    3.3762    0.64    -1.1313    0.7249    -3.0973    0.39    0.39    0.31
262    3.4458    0.64    -1.2212    0.7652    -3.1299    0.39    0.39    0.31
263    3.4473    0.64    -1.1842    0.7897    -3.1397    0.39    0.39    0.31
264    3.4034    0.63    -1.1086    0.7524    -3.1286    0.39    0.39    0.31
265    3.4132    0.63    -1.0914    0.8018    -3.1330    0.39    0.39    0.31
266    3.4100    0.63    -1.0822    0.7816    -3.1379    0.39    0.39    0.31
267    3.4380    0.63    -1.1100    0.7538    -3.1653    0.39    0.39    0.31
268    3.4433    0.63    -1.1041    0.7720    -3.1687    0.39    0.39    0.31
269    3.4567    0.63    -1.1390    0.7326    -3.1803    0.39    0.39    0.31
270    3.6409    0.63    -1.1391    0.7243    -3.3814    0.39    0.39    0.31
271    3.8037    0.63    -1.2602    0.8140    -3.4954    0.39    0.39    0.30
272    3.7148    0.62    -1.2087    0.7947    -3.4215    0.39    0.39    0.30
273    3.7899    0.62    -1.2716    0.8668    -3.4635    0.38    0.39    0.30
274    3.8157    0.61    -1.4465    0.7539    -3.4495    0.38    0.38    0.29
275    3.8592    0.61    -1.4601    0.7697    -3.4885    0.38    0.38    0.29
276    3.8681    0.61    -1.4619    0.7459    -3.5026    0.38    0.38    0.29
277    3.8740    0.61    -1.4948    0.6932    -3.5062    0.38    0.38    0.29
278    3.8922    0.61    -1.5304    0.7465    -3.5000    0.38    0.38    0.29
279    3.9914    0.60    -1.6687    0.5356    -3.5860    0.37    0.38    0.29
280    3.9352    0.60    -1.5968    0.5852    -3.5487    0.37    0.38    0.29
281    3.8781    0.60    -1.5799    0.6615    -3.4794    0.37    0.38    0.29
282    3.8955    0.60    -1.5942    0.6699    -3.4907    0.37    0.38    0.29
283    3.9071    0.60    -1.6875    0.6224    -3.4685    0.37    0.37    0.29
284    3.9349    0.60    -1.7395    0.6730    -3.4648    0.37    0.37    0.29
285    3.9145    0.60    -1.7096    0.6884    -3.4535    0.37    0.37    0.29
286    3.9588    0.60    -1.7242    0.7539    -3.4829    0.37    0.37    0.29
287    3.9416    0.60    -1.7264    0.7838    -3.4557    0.37    0.37    0.29
288    4.0525    0.60    -1.8130    0.6807    -3.5599    0.37    0.37    0.28
289    4.0104    0.51    -1.2201    1.5528    -3.4905    0.30    0.30    0.28
290    4.0183    0.51    -1.1965    1.5436    -3.5117    0.30    0.30    0.28
291    4.0427    0.51    -1.2162    1.5321    -3.5380    0.30    0.30    0.28
292    4.0755    0.51    -1.2087    1.5517    -3.5694    0.30    0.30    0.28
293    4.0721    0.51    -1.2314    1.5582    -3.5550    0.30    0.30    0.28
294    4.0770    0.51    -1.2570    1.5198    -3.5682    0.30    0.30    0.28
295    4.1556    0.51    -1.2075    1.5518    -3.6610    0.30    0.30    0.28
296    4.1778    0.51    -1.1909    1.5500    -3.6923    0.30    0.30    0.28
297    4.0643    0.51    -1.1466    1.5109    -3.5946    0.30    0.30    0.28
298    4.0496    0.51    -1.1422    1.5017    -3.5833    0.30    0.30    0.28
299    3.9712    0.51    -1.0017    1.4639    -3.5530    0.30    0.30    0.28
300    4.0082    0.51    -1.0509    1.4601    -3.5818    0.30    0.30    0.28
301    4.0131    0.51    -1.0530    1.4583    -3.5874    0.30    0.30    0.28
302    4.1043    0.51    -1.1176    1.4742    -3.6638    0.30    0.30    0.28
303    4.1398    0.50    -1.2239    1.5377    -3.6436    0.30    0.30    0.28
304    4.1312    0.50    -1.2371    1.5346    -3.6306    0.30    0.30    0.28
305    4.1592    0.50    -1.2549    1.5128    -3.6655    0.30    0.30    0.28
306    4.2160    0.50    -1.2832    1.5062    -3.7228    0.30    0.30    0.28
307    4.1769    0.50    -1.2934    1.4731    -3.6883    0.30    0.30    0.28
308    4.1627    0.50    -1.2783    1.4824    -3.6738    0.30    0.30    0.28
309    4.1995    0.50    -1.3713    1.4625    -3.6900    0.30    0.30    0.27
310    4.1947    0.50    -1.3854    1.4381    -3.6890    0.30    0.30    0.27
311    4.2401    0.50    -1.4175    1.4437    -3.7263    0.30    0.29    0.27
312    4.2655    0.50    -1.4076    1.4638    -3.7510    0.30    0.29    0.27
313    4.3169    0.50    -1.4068    1.4874    -3.8005    0.30    0.29    0.27
314    4.3321    0.50    -1.3796    1.4160    -3.8546    0.30    0.29    0.27
315    4.2764    0.50    -1.3853    1.4033    -3.7947    0.30    0.29    0.27
316    4.2934    0.50    -1.3849    1.3854    -3.8205    0.30    0.29    0.27
317    3.8815    0.46    -1.8332    0.4090    -3.3967    0.26    0.26    0.26
318    3.9296    0.45    -1.9415    0.3361    -3.3999    0.26    0.26    0.26
319    3.9557    0.45    -1.9613    0.3419    -3.4182    0.26    0.26    0.26
320    3.9582    0.45    -1.9615    0.3284    -3.4223    0.26    0.26    0.26
321    3.9748    0.45    -1.9401    0.3197    -3.4545    0.26    0.26    0.26
322    4.0063    0.45    -2.0125    0.3288    -3.4485    0.26    0.26    0.26
323    4.0151    0.45    -2.2077    0.3289    -3.3376    0.26    0.26    0.26
324    3.9905    0.45    -2.2371    0.3164    -3.2893    0.26    0.26    0.26
325    4.0180    0.45    -2.2380    0.3273    -3.3210    0.26    0.26    0.26
326    4.0323    0.45    -2.2348    0.3325    -3.3399    0.26    0.26    0.26
327    4.0354    0.45    -2.2431    0.3273    -3.3385    0.26    0.26    0.26
328    3.9027    0.45    -2.2035    0.3182    -3.2054    0.26    0.26    0.26
329    3.9806    0.45    -2.2344    0.3309    -3.2777    0.26    0.26    0.26
330    3.9668    0.45    -2.2609    0.3153    -3.2441    0.26    0.26    0.26
331    4.0585    0.44    -2.2134    0.3743    -3.3812    0.26    0.26    0.25
332    3.9768    0.44    -2.2260    0.3084    -3.2810    0.26    0.26    0.25
333    3.9766    0.44    -2.2281    0.2979    -3.2802    0.26    0.26    0.25
334    4.0019    0.43    -2.2667    0.0992    -3.2965    0.25    0.25    0.24
335    3.9643    0.43    -2.3340    0.2143    -3.1972    0.25    0.25    0.24
336    4.0734    0.43    -2.3586    0.2760    -3.3096    0.25    0.25    0.24
337    4.0690    0.43    -2.3530    0.2857    -3.3074    0.25    0.25    0.24
338    4.0345    0.43    -2.3540    0.2987    -3.2629    0.25    0.25    0.24
339    4.0615    0.43    -2.3615    0.3262    -3.2882    0.25    0.25    0.24
340    4.0278    0.43    -2.3483    0.3018    -3.2585    0.25    0.25    0.24
341    4.0128    0.43    -2.3792    0.3226    -3.2152    0.25    0.25    0.24
342    4.0315    0.43    -2.4001    0.3093    -3.2244    0.25    0.25    0.24
343    4.0423    0.43    -2.4094    0.3202    -3.2299    0.25    0.25    0.24
344    4.0501    0.43    -2.4518    0.3168    -3.2081    0.25    0.25    0.24
345    4.0555    0.43    -2.4546    0.2843    -3.2158    0.25    0.25    0.24
346    4.3960    0.43    -2.5054    0.3209    -3.5979    0.25    0.25    0.24
347    4.3948    0.43    -2.5012    0.3024    -3.6010    0.25    0.25    0.24
348    4.3782    0.43    -2.4228    0.3710    -3.6279    0.25    0.25    0.24
349    4.5004    0.42    -2.4238    0.4166    -3.7690    0.25    0.25    0.24
350    4.4979    0.42    -2.4227    0.4300    -3.7651    0.25    0.25    0.24
351    4.6318    0.41    -2.6057    0.4471    -3.8031    0.24    0.24    0.23
352    4.6489    0.41    -2.5702    0.4225    -3.8507    0.24    0.24    0.23
353    4.7177    0.41    -2.5455    0.4127    -3.9506    0.24    0.24    0.23
354    4.7158    0.41    -2.5289    0.3849    -3.9616    0.24    0.24    0.23
355    4.6267    0.41    -2.5024    0.3546    -3.8754    0.24    0.24    0.23
356    4.5305    0.41    -2.4177    0.2960    -3.8200    0.24    0.24    0.23
357    4.6885    0.40    -2.5390    0.3677    -3.9243    0.23    0.23    0.23
358    4.7081    0.40    -2.5462    0.3938    -3.9405    0.23    0.23    0.23
359    4.8023    0.40    -2.5303    0.4244    -4.0594    0.23    0.23    0.23
360    4.8121    0.40    -2.5586    0.4260    -4.0532    0.23    0.23    0.23
361    4.7570    0.40    -2.5004    0.4947    -4.0165    0.23    0.23    0.23
362    4.8028    0.40    -2.4722    0.4852    -4.0890    0.23    0.23    0.23
363    4.8792    0.40    -2.5264    0.6029    -4.1305    0.23    0.23    0.23
364    4.7999    0.40    -2.5664    0.6198    -4.0086    0.23    0.23    0.23
365    4.8332    0.40    -2.5855    0.6089    -4.0379    0.23    0.23    0.23
366    4.7455    0.40    -2.6484    0.6347    -3.8862    0.23    0.23    0.23
367    4.5661    0.40    -2.3991    0.5401    -3.8473    0.23    0.23    0.23
368    4.8013    0.39    -2.4732    0.4980    -4.0851    0.23    0.23    0.22
369    4.9027    0.39    -2.5094    0.5218    -4.1793    0.23    0.23    0.22
370    4.9322    0.39    -2.5127    0.5806    -4.2042    0.23    0.23    0.22
371    4.9072    0.39    -2.5507    0.5643    -4.1541    0.23    0.23    0.22
372    4.5307    0.39    -2.6010    0.5915    -3.6622    0.23    0.23    0.22
373    4.5603    0.39    -2.5942    0.5636    -3.7080    0.23    0.23    0.22
374    4.5679    0.39    -2.5762    0.5960    -3.7247    0.23    0.23    0.22
375    4.4893    0.39    -2.4844    0.4722    -3.7093    0.23    0.23    0.22
376    4.2689    0.38    -2.1893    0.2319    -3.6574    0.22    0.22    0.22
377    4.3642    0.38    -2.1335    0.2940    -3.7958    0.22    0.22    0.21
378    4.3317    0.38    -1.9416    0.2018    -3.8669    0.22    0.22    0.21
379    4.3258    0.38    -1.9603    0.1668    -3.8526    0.22    0.22    0.21
380    4.2970    0.38    -1.9461    0.1565    -3.8279    0.22    0.22    0.21
381    4.2809    0.38    -1.9520    0.2563    -3.8014    0.22    0.22    0.21
382    4.3045    0.36    -1.8675    0.5081    -3.8448    0.21    0.21    0.21
383    4.3471    0.36    -1.8713    0.4701    -3.8955    0.21    0.21    0.21
384    4.3919    0.36    -1.8437    0.4587    -3.9597    0.21    0.21    0.21
385    4.4175    0.36    -1.8050    0.4086    -4.0111    0.21    0.21    0.21
386    4.4174    0.36    -1.8295    0.3968    -4.0011    0.21    0.21    0.21
387    4.4038    0.36    -1.8472    0.3707    -3.9805    0.21    0.21    0.21
388    4.4228    0.36    -1.8783    0.4140    -3.9826    0.21    0.21    0.21
389    4.4285    0.36    -1.8946    0.4302    -3.9796    0.21    0.21    0.21
390    4.4379    0.36    -1.9071    0.4293    -3.9841    0.21    0.21    0.21
391    4.4506    0.36    -1.9283    0.4116    -3.9900    0.21    0.21    0.21
392    4.4472    0.36    -1.9259    0.4215    -3.9863    0.21    0.21    0.21
393    4.4629    0.36    -1.8891    0.2953    -4.0326    0.21    0.21    0.20
394    4.5605    0.36    -1.8859    0.3514    -4.1373    0.21    0.21    0.20
395    4.5404    0.36    -1.8679    0.3302    -4.1252    0.21    0.21    0.20
396    4.6685    0.36    -1.9078    0.2729    -4.2522    0.21    0.21    0.20
397    4.5355    0.36    -2.0835    0.4183    -4.0069    0.21    0.21    0.20
398    4.4948    0.36    -2.0769    0.4741    -3.9579    0.21    0.21    0.20
399    4.4968    0.36    -2.0926    0.4726    -3.9521    0.21    0.21    0.20
400    4.4800    0.36    -2.0940    0.5027    -3.9285    0.21    0.21    0.20
401    4.5256    0.36    -1.9661    0.4937    -4.0462    0.21    0.21    0.20
402    4.3963    0.36    -2.0271    0.4377    -3.8765    0.21    0.21    0.20
403    4.6416    0.35    -2.1510    0.3545    -4.0978    0.21    0.21    0.20
404    4.5935    0.35    -2.1470    0.3798    -4.0430    0.21    0.21    0.20
405    4.7670    0.34    -2.2015    0.3429    -4.2143    0.20    0.20    0.18
406    4.7728    0.34    -2.1862    0.3825    -4.2253    0.20    0.20    0.18
407    4.7329    0.34    -2.2093    0.3316    -4.1724    0.20    0.20    0.18
408    4.8030    0.34    -2.2459    0.4507    -4.2216    0.20    0.20    0.18
409    4.7881    0.34    -2.2283    0.4203    -4.2171    0.20    0.20    0.18
410    4.8184    0.34    -2.2113    0.4101    -4.2613    0.20    0.20    0.18
411    4.8501    0.34    -2.2091    0.3896    -4.3002    0.20    0.20    0.18
412    4.8172    0.34    -2.2207    0.3830    -4.2576    0.20    0.20    0.18
413    4.8294    0.34    -2.1960    0.4114    -4.2815    0.20    0.20    0.18
414    4.7993    0.34    -2.3238    0.4211    -4.1780    0.20    0.20    0.18
415    4.8255    0.34    -2.3302    0.4206    -4.2046    0.20    0.20    0.18
416    5.0053    0.33    -2.2147    0.2929    -4.4790    0.20    0.20    0.18
417    4.9561    0.32    -1.8311    0.3813    -4.5897    0.19    0.19    0.17
418    4.9679    0.32    -1.8451    0.3721    -4.5975    0.19    0.19    0.17
419    5.0112    0.32    -1.8743    0.3169    -4.6367    0.19    0.19    0.17
420    5.0330    0.32    -1.8194    0.3880    -4.6766    0.19    0.19    0.17
421    5.0407    0.32    -1.8056    0.3851    -4.6904    0.19    0.19    0.17
422    5.0480    0.32    -1.7976    0.3873    -4.7012    0.19    0.19    0.17
423    4.5984    0.31    -1.5619    0.3810    -4.3082    0.19    0.19    0.16
424    4.6334    0.31    -1.5226    0.4326    -4.3546    0.19    0.19    0.16
425    4.6013    0.31    -1.5217    0.3793    -4.3258    0.19    0.19    0.16
426    4.5867    0.31    -1.5571    0.3911    -4.2966    0.19    0.19    0.16
427    4.6313    0.31    -1.8630    0.5691    -4.2017    0.18    0.19    0.16
428    4.7138    0.31    -1.8549    0.5435    -4.2993    0.18    0.19    0.16
429    4.7694    0.31    -1.9783    0.5458    -4.3054    0.18    0.19    0.16
430    4.7279    0.31    -1.9314    0.5072    -4.2855    0.18    0.19    0.16
431    4.5797    0.31    -1.8772    0.3726    -4.1606    0.18    0.19    0.16
432    4.5955    0.31    -1.9091    0.3637    -4.1644    0.18    0.19    0.16
433    4.6199    0.31    -1.8904    0.3752    -4.1987    0.18    0.19    0.16
434    4.6007    0.31    -1.8778    0.3852    -4.1823    0.18    0.19    0.16
435    4.6743    0.31    -1.8880    0.4041    -4.2569    0.18    0.19    0.16
436    4.8644    0.30    -1.8849    0.5176    -4.4543    0.18    0.18    0.15
437    4.8778    0.30    -1.8702    0.5005    -4.4772    0.18    0.18    0.15
438    4.8812    0.30    -1.9170    0.5541    -4.4546    0.18    0.18    0.15
439    4.7165    0.29    -2.0113    0.3576    -4.2511    0.18    0.18    0.15
440    4.6938    0.29    -2.0059    0.3491    -4.2292    0.18    0.18    0.15
441    4.7796    0.29    -2.0493    0.5080    -4.2880    0.18    0.18    0.15
442    4.7555    0.29    -2.0407    0.5457    -4.2606    0.18    0.18    0.15
443    4.8334    0.29    -2.0674    0.5380    -4.3357    0.18    0.18    0.15
444    4.8406    0.29    -2.0838    0.5323    -4.3366    0.18    0.18    0.15
445    4.8381    0.29    -2.0827    0.5578    -4.3311    0.18    0.18    0.15
446    4.8987    0.29    -2.2658    0.5248    -4.3114    0.17    0.18    0.15
447    4.9712    0.29    -2.3277    0.3625    -4.3775    0.17    0.18    0.15
448    5.0046    0.29    -2.3328    0.3473    -4.4140    0.17    0.18    0.15
449    5.0063    0.29    -2.3130    0.3512    -4.4260    0.17    0.18    0.15
450    5.0766    0.29    -2.3671    0.4174    -4.4715    0.17    0.18    0.15
451    5.0128    0.29    -2.3661    0.4903    -4.3920    0.17    0.18    0.15
452    5.0156    0.29    -2.3540    0.4740    -4.4034    0.17    0.18    0.15
453    4.9458    0.29    -2.2834    0.6630    -4.3368    0.17    0.18    0.14
454    4.9695    0.29    -2.2593    0.6516    -4.3780    0.17    0.18    0.14
455    4.9874    0.29    -2.2420    0.6401    -4.4089    0.17    0.18    0.14
456    5.0220    0.29    -2.2446    0.6119    -4.4506    0.17    0.18    0.14
457    5.0362    0.29    -2.2052    0.6246    -4.4844    0.17    0.18    0.14
458    4.9249    0.29    -2.1755    0.4344    -4.3969    0.17    0.18    0.14
459    5.2541    0.28    -1.9647    0.4141    -4.8553    0.17    0.18    0.14
460    5.3637    0.28    -1.8198    0.3788    -5.0313    0.17    0.17    0.14
461    5.5277    0.28    -1.7430    0.2621    -5.2391    0.17    0.17    0.14
462    5.5099    0.28    -1.7351    0.2830    -5.2220    0.17    0.17    0.14
463    5.4802    0.28    -1.7321    0.3254    -5.1891    0.17    0.17    0.14
464    5.4425    0.28    -1.7695    0.3236    -5.1366    0.17    0.17    0.14
465    5.4222    0.28    -1.8009    0.3027    -5.1054    0.17    0.17    0.14
466    5.4071    0.28    -1.7427    0.2613    -5.1119    0.17    0.17    0.14
467    5.3780    0.28    -1.7427    0.2968    -5.0791    0.17    0.17    0.14
468    5.3562    0.28    -1.7402    0.4019    -5.0496    0.17    0.17    0.14
469    5.3583    0.28    -1.7285    0.3918    -5.0567    0.17    0.17    0.14
470    5.2732    0.28    -1.7159    0.4622    -4.9648    0.17    0.17    0.14
471    5.1376    0.28    -1.6464    0.3018    -4.8573    0.17    0.17    0.14
472    5.0304    0.28    -1.5370    0.3902    -4.7739    0.17    0.17    0.14
473    5.0699    0.28    -1.5374    0.2562    -4.8244    0.17    0.17    0.14
474    4.9711    0.28    -1.4233    0.3001    -4.7536    0.17    0.17    0.14
475    5.0197    0.28    -1.4881    0.2795    -4.7860    0.17    0.17    0.14
476    4.9014    0.27    -0.8880    0.4331    -4.8008    0.17    0.17    0.13
477    4.9093    0.27    -0.8681    0.4626    -4.8098    0.17    0.17    0.13
478    4.8734    0.27    -0.8514    0.4198    -4.7800    0.17    0.17    0.13
479    4.9691    0.27    -0.9014    0.0189    -4.8867    0.16    0.17    0.13
480    4.9642    0.27    -0.9074    0.0662    -4.8802    0.16    0.17    0.13
481    5.0264    0.27    -1.0181    -0.0471    -4.9220    0.16    0.17    0.13
482    4.8620    0.27    -1.0098    0.1206    -4.7544    0.16    0.17    0.13
483    4.7381    0.27    -1.0182    0.2095    -4.6226    0.16    0.17    0.13
484    4.8180    0.27    -1.0012    0.2363    -4.7068    0.16    0.17    0.13
485    4.8348    0.27    -1.0083    0.2139    -4.7236    0.16    0.17    0.13
486    4.9831    0.27    -1.1199    0.2980    -4.8465    0.16    0.17    0.13
487    5.0539    0.27    -0.9580    0.4396    -4.9427    0.16    0.17    0.13
488    5.0316    0.27    -0.9805    0.4336    -4.9160    0.16    0.17    0.13
489    5.0513    0.27    -1.1317    0.7688    -4.8625    0.16    0.17    0.13
490    5.0793    0.27    -1.1504    0.9110    -4.8627    0.16    0.17    0.13
491    5.1308    0.27    -1.1343    0.8681    -4.9280    0.16    0.17    0.13
492    5.2230    0.27    -1.0661    0.8023    -5.0497    0.16    0.17    0.13
493    5.3365    0.27    -1.1316    0.9074    -5.1356    0.16    0.17    0.13
494    5.3264    0.27    -1.1376    0.9359    -5.1186    0.16    0.17    0.13
495    5.3621    0.27    -1.2287    1.0709    -5.1084    0.16    0.17    0.13
496    5.3387    0.27    -1.2808    1.1446    -5.0548    0.16    0.17    0.13
497    5.3896    0.27    -1.3490    1.1556    -5.0885    0.16    0.17    0.13
498    5.4094    0.27    -1.3644    1.1334    -5.1103    0.16    0.17    0.13
499    5.4392    0.27    -1.3528    0.9928    -5.1739    0.16    0.17    0.13
500    5.4774    0.27    -1.3403    0.9268    -5.2294    0.16    0.17    0.13
501    5.3899    0.27    -1.4784    1.0678    -5.0720    0.16    0.17    0.13
502    5.3249    0.27    -1.4248    1.1721    -4.9951    0.16    0.17    0.13
503    5.2798    0.27    -1.4727    1.0812    -4.9537    0.16    0.17    0.13
504    5.3036    0.27    -1.4562    1.1117    -4.9771    0.16    0.17    0.13
505    5.2659    0.27    -1.4371    1.2638    -4.9058    0.16    0.17    0.13
506    4.8679    0.26    -1.0917    1.1543    -4.6013    0.16    0.17    0.13
507    4.8721    0.26    -1.0808    1.2127    -4.5933    0.16    0.17    0.13
508    4.8918    0.26    -1.1225    1.1779    -4.6132    0.16    0.17    0.13
509    5.0355    0.26    -1.1690    1.4226    -4.6867    0.16    0.17    0.12
510    5.0394    0.26    -1.1956    1.4003    -4.6909    0.16    0.17    0.12
511    5.0739    0.26    -1.2079    1.4370    -4.7138    0.16    0.17    0.12
512    5.1196    0.26    -1.2684    1.5794    -4.7018    0.16    0.17    0.12
513    5.0944    0.26    -1.2716    1.5269    -4.6909    0.16    0.17    0.12
514    5.0894    0.26    -0.9952    1.8570    -4.6329    0.16    0.17    0.12
515    5.1051    0.26    -0.9511    1.9713    -4.6121    0.16    0.17    0.12
516    5.2891    0.26    -0.2941    2.1263    -4.8339    0.16    0.16    0.12
517    5.2630    0.26    -0.2938    2.1689    -4.7863    0.16    0.16    0.12
518    5.2400    0.26    -0.3305    2.2168    -4.7365    0.16    0.16    0.12
519    5.4334    0.26    -0.2986    2.7320    -4.6871    0.16    0.16    0.12
520    5.4335    0.26    -0.3746    2.8352    -4.6199    0.16    0.16    0.12
521    5.4396    0.26    -0.3775    3.1283    -4.4341    0.16    0.16    0.12
522    5.7159    0.26    -0.5277    3.4660    -4.5145    0.16    0.16    0.12
523    5.7332    0.26    -0.5404    3.5083    -4.5022    0.16    0.16    0.12
524    5.8034    0.26    -0.6119    3.6560    -4.4653    0.16    0.16    0.12
525    5.8154    0.26    -0.5985    3.7658    -4.3908    0.16    0.16    0.12
526    5.6750    0.25    0.0223    3.6329    -4.3598    0.16    0.16    0.12
527    5.6269    0.25    -0.0314    3.5894    -4.3333    0.16    0.16    0.12
528    5.6840    0.25    -0.8089    3.6642    -4.2693    0.15    0.16    0.11
529    5.6497    0.25    -0.8928    3.6105    -4.2528    0.15    0.16    0.11
530    5.8885    0.25    -0.9101    4.1094    -4.1182    0.15    0.16    0.11
531    6.6792    0.25    -1.1941    4.8295    -4.4566    0.15    0.16    0.11
532    6.6081    0.25    -1.2061    4.6940    -4.4920    0.15    0.16    0.11
533    6.6338    0.25    -0.9657    4.5204    -4.7582    0.15    0.16    0.11
534    6.6408    0.25    -1.0114    4.5287    -4.7507    0.15    0.16    0.11
535    6.7810    0.25    -1.1201    4.7506    -4.7073    0.15    0.16    0.11
536    6.8088    0.25    -1.1245    4.8189    -4.6769    0.15    0.16    0.11
537    6.8025    0.25    -1.1324    4.8934    -4.5877    0.15    0.16    0.11
538    7.0196    0.24    -1.1358    5.2320    -4.5399    0.15    0.16    0.11
539    7.0325    0.24    -1.2280    5.3871    -4.3504    0.15    0.16    0.11
540    7.3034    0.24    -1.7131    5.4566    -4.5421    0.15    0.16    0.11
541    7.2896    0.24    -1.6008    5.5078    -4.4989    0.15    0.16    0.11
542    7.4018    0.24    -1.6363    5.6916    -4.4400    0.15    0.16    0.11
543    7.6603    0.24    -1.7378    5.9564    -4.4923    0.15    0.16    0.11
544    8.0212    0.24    -2.0662    6.3374    -4.4618    0.15    0.16    0.11
545    8.2297    0.24    -2.2048    6.6115    -4.3768    0.15    0.16    0.11
546    8.6382    0.24    -2.3846    7.0470    -4.3898    0.15    0.16    0.11
547    8.9087    0.24    -2.3996    7.3084    -4.4939    0.15    0.16    0.11
548    9.3742    0.24    -2.7272    7.8582    -4.3227    0.15    0.16    0.11
549    9.3742    0.24    -2.7272    7.8582    -4.3227    0.15    0.16    0.11
