100    2.1575    -0.5515    -0.1754    -2.0784    2.8989    -2.7169    0.9660    0.2981
101    2.0241    -1.3303    0.5300    -1.4306    3.4947    -3.2534    0.6434    1.1021
102    2.0859    -1.4269    0.6539    -1.3737    3.5215    -3.2339    0.6968    1.2071
103    2.4379    -1.1689    0.6478    -2.0389    3.2279    -3.0853    0.5418    0.7788
104    1.9294    -1.5801    0.5195    -0.9778    3.9070    -3.4885    0.4890    1.6899
105    1.9391    -1.2962    0.3666    -1.3949    3.4000    -3.1618    0.4421    1.1694
106    1.9373    -1.3055    0.2441    -1.4104    3.4969    -3.2698    0.3596    1.1862
107    2.4317    -0.6064    -0.7374    -2.2365    3.2051    -3.1064    -0.5419    0.5740
108    1.9728    -1.4880    -0.2327    -1.2742    3.8334    -3.6071    0.3220    1.2573
109    2.5884    -1.1060    -0.0691    -2.3392    3.1869    -3.1440    0.3972    0.3377
110    2.1105    -1.7360    0.0245    -1.1999    4.0055    -3.7277    0.5441    1.3609
111    1.6337    -1.5437    -0.0607    -0.5312    3.6965    -3.2726    0.5061    1.6427
112    1.9996    -1.2011    -0.1549    -1.5911    3.5816    -3.4834    0.3982    0.7316
113    1.9950    -1.5156    -0.1207    -1.2916    4.1014    -3.9170    0.3211    1.1727
114    1.7414    -1.5715    -0.3091    -0.6836    4.4582    -4.0966    0.0490    1.7581
115    1.7991    -1.5490    -0.2692    -0.8745    4.2907    -4.0113    0.1346    1.5172
116    1.7684    -1.4535    -0.3460    -0.9459    4.2627    -4.0098    0.0560    1.4451
117    1.8066    -1.7484    -0.1793    -0.4177    4.5998    -4.2026    0.2482    1.8532
118    1.8389    -1.6855    -0.3036    -0.6695    4.4938    -4.1679    0.0754    1.6783
119    2.5295    -1.6938    0.3184    -1.8515    3.5217    -3.4028    0.6999    0.5773
120    2.4164    -2.2431    0.3093    -0.8437    4.0259    -3.7056    0.9472    1.2569
121    2.3918    -2.1736    0.2993    -0.9522    3.9041    -3.6079    0.9436    1.1553
122    2.3703    -2.2239    0.1075    -0.8131    3.9108    -3.5822    0.8343    1.3290
123    2.3381    -2.2247    0.1299    -0.7076    3.8823    -3.5122    0.8189    1.4374
124    2.2548    -2.1391    0.1695    -0.6924    3.7681    -3.4039    0.8107    1.3983
125    2.7694    -1.0100    -0.4824    -2.5332    2.5364    -2.5036    0.2476    -0.3225
126    2.6044    -1.1961    -0.4383    -2.2717    2.7253    -2.7098    0.2891    -0.0180
127    2.3450    -1.2117    -0.4484    -1.9570    2.7122    -2.6881    0.2729    0.2351
128    2.4600    -1.2710    -0.5004    -2.0459    2.8769    -2.8593    0.2878    0.1360
129    2.9019    -0.9019    -0.6200    -2.6876    2.5919    -2.5566    0.1748    -0.3886
130    2.7632    -1.3047    -0.4780    -2.3885    3.0723    -3.0463    0.3987    0.0111
131    2.8661    -1.0661    -0.6021    -2.5914    2.8724    -2.8548    0.2748    -0.1586
132    2.7955    -1.2192    -0.4965    -2.4662    2.9447    -2.9180    0.3891    -0.0725
133    2.8484    -1.2176    -0.4671    -2.5323    2.9077    -2.8720    0.4248    -0.1618
134    2.7327    -1.1881    -0.3954    -2.4289    2.9443    -2.9075    0.4487    -0.1181
135    2.8525    -1.2121    -0.4681    -2.5394    3.1743    -3.1393    0.4140    -0.2230
136    2.4683    -1.3126    -0.3016    -2.0685    3.2190    -3.1757    0.5133    0.1176
137    3.0462    -0.9319    -0.4266    -2.8686    3.1468    -3.0806    0.2967    -0.5698
138    2.8773    -1.2118    -0.4522    -2.5702    3.5552    -3.5317    0.3239    -0.2478
139    2.2684    -0.5861    -0.4696    -2.1405    2.0829    -1.6968    0.8964    -0.8099
140    2.3308    -0.7839    -0.5807    -2.1168    2.5691    -2.0448    1.3365    -0.7956
141    2.8338    -1.3231    -0.3236    -2.4849    3.2204    -3.1718    0.5004    -0.2449
142    2.3260    -0.7316    -0.3264    -2.1837    2.2183    -1.2436    1.5417    -0.9987
143    2.7957    -1.1261    -0.2843    -2.5430    3.0324    -2.9691    0.5039    -0.3550
144    2.1846    -1.0044    -0.1902    -1.9307    2.8090    -2.7679    0.4683    0.0990
145    2.5112    -1.3636    -0.2756    -2.0906    2.7684    -2.7486    0.3266    0.0489
146    2.0696    -1.3684    0.2151    -1.5377    2.3563    -2.2546    0.2380    0.6422
147    2.5480    -0.9991    -0.0702    -2.3429    1.7985    -1.7949    -0.0379    -0.1074
148    2.3183    -1.3648    0.1840    -1.8650    2.3537    -2.3109    0.1639    0.4156
149    2.3928    -1.3293    0.0550    -1.9888    2.2563    -2.2385    0.0988    0.2655
150    2.2583    -1.3440    -0.0129    -1.8147    2.2949    -2.2562    0.0451    0.4170
151    2.4084    -1.3448    0.0703    -1.9967    2.2731    -2.2534    0.1337    0.2667
152    2.1773    -1.4371    0.1272    -1.6307    2.4075    -2.3354    0.1591    0.5628
153    2.2582    -1.3812    0.0752    -1.7850    2.3115    -2.2723    0.1165    0.4073
154    2.4595    -1.2975    0.0557    -2.0887    2.1918    -2.1826    0.0815    0.1828
155    2.3304    -1.3918    0.0600    -1.8681    2.3923    -2.3561    0.0949    0.4039
156    2.3288    -1.4377    0.0702    -1.8306    2.4461    -2.4033    0.1221    0.4389
157    2.3564    -1.4867    0.0990    -1.8255    2.4575    -2.4112    0.1751    0.4416
158    2.3791    -1.5164    0.1153    -1.8296    2.4728    -2.4250    0.2045    0.4389
159    2.0629    -1.6026    0.2066    -1.2823    2.6612    -2.5076    0.2758    0.8470
160    2.4485    -1.5726    0.1847    -1.8676    2.4676    -2.4334    0.2446    0.3279
161    2.1170    -1.4971    0.3521    -1.4548    2.3016    -2.1770    0.3251    0.6726
162    2.1816    -1.3481    0.2515    -1.6967    2.1541    -2.1016    0.1451    0.4500
163    2.2090    -1.3539    0.1296    -1.7406    2.2341    -2.1925    0.0321    0.4279
164    2.2439    -1.5056    0.1763    -1.6545    2.3833    -2.3158    0.1574    0.5407
165    2.2041    -1.6193    0.2492    -1.4743    2.5102    -2.3963    0.2515    0.7039
166    2.0427    -1.3992    0.2571    -1.4658    2.3479    -2.2256    0.1303    0.7365
167    2.1674    -2.0042    0.7366    0.3720    3.4055    -2.6600    0.5676    2.0494
168    1.8626    -1.2241    0.4196    -1.3396    2.0367    -2.0062    0.0354    0.3493
169    1.8888    -1.6161    0.6142    -0.7608    2.7187    -2.5408    0.2809    0.9257
170    1.8616    -1.5172    0.6248    -0.8793    2.5258    -2.3690    0.2423    0.8418
171    1.9406    -1.2846    0.6485    -1.3020    2.2398    -2.1673    0.1796    0.5357
172    1.8664    -1.2453    0.4987    -1.2978    2.5416    -2.4657    -0.0382    0.6152
173    1.8805    -1.3521    0.6270    -1.1467    2.6075    -2.4886    0.1100    0.7706
174    1.7709    -1.3376    0.6068    -0.9893    2.7198    -2.5624    0.0580    0.9098
175    1.7510    -1.2308    0.5561    -1.1145    2.6227    -2.4996    -0.0142    0.7942
176    1.9117    -1.4024    0.5668    -1.1690    2.8893    -2.7798    0.0364    0.7869
177    1.8254    -1.2523    0.5190    -1.2225    2.3663    -2.2602    0.0057    0.7005
178    1.8856    -1.4711    0.6079    -1.0109    2.6349    -2.4630    0.0854    0.9322
179    1.8882    -1.5307    0.7087    -0.8486    2.8949    -2.6582    0.1019    1.1417
180    2.0897    -0.7994    0.5860    -1.8397    1.2191    -1.0429    0.1837    0.6041
181    2.2524    -1.0774    0.4879    -1.9168    2.1324    -1.8190    0.4354    1.0241
182    2.3054    -0.6373    0.8898    -2.0290    0.6152    0.1566    0.2842    0.5227
183    2.4403    -0.2191    0.7417    -2.3145    0.2115    0.0277    -0.1964    0.0735
184    2.4203    -0.0934    0.7871    -2.2868    0.2967    -0.0080    -0.2682    0.1267
185    2.4122    -0.9148    1.3128    -1.8051    0.7357    -0.4999    0.4492    0.2992
186    2.3838    -0.7000    1.3292    -1.8508    0.7616    -0.6476    0.2643    -0.3014
187    2.4557    -0.8365    1.4480    -1.7984    0.7619    0.2723    0.6981    0.1378
188    2.4183    -0.7371    1.4586    -1.7825    0.3140    -0.1818    0.2553    -0.0196
189    2.4440    -0.8847    1.4055    -1.7931    0.5620    -0.1379    0.5142    0.1801
190    2.5549    -0.0796    1.8418    -1.7689    1.2197    1.1277    -0.4581    -0.0767
191    2.5752    -0.4483    1.5985    -1.9686    0.0827    0.0791    -0.0054    0.0236
192    2.3865    -0.5363    1.5969    -1.6905    0.4386    -0.3380    -0.0711    0.2703
193    2.4174    -0.3702    1.4777    -1.8771    0.6081    -0.3916    -0.4556    0.0942
194    2.4775    -0.3376    1.4773    -1.9600    0.3103    -0.1522    -0.2659    -0.0497
195    2.0443    -0.7016    1.5015    -1.1969    0.8196    -0.3837    -0.1115    0.7156
196    2.8481    -1.0110    2.0083    -1.7481    1.0765    0.1209    1.0430    0.2375
197    2.6634    -0.7914    1.7753    -1.8209    0.5265    -0.0143    0.4886    0.1956
198    2.5673    -0.4534    1.5011    -2.0327    0.2166    -0.0763    -0.1367    -0.1496
199    2.5332    -0.8440    1.7815    -1.5909    0.6298    -0.0311    0.4370    0.4524
200    2.4464    -0.4050    1.4862    -1.9005    0.3157    -0.1080    -0.2759    0.1091
201    2.5649    -0.5716    1.7262    -1.8089    0.2967    0.0141    0.1500    0.2556
202    2.7018    -0.4187    1.6721    -2.0806    0.2102    0.1878    0.0942    0.0057
203    2.3472    -0.2347    1.4874    -1.8005    0.5233    -0.0376    -0.4447    0.2732
204    2.4317    -0.5331    1.6852    -1.6701    0.4189    -0.0344    -0.0212    0.4170
205    2.4390    -0.5334    1.6581    -1.7073    0.5031    -0.0737    -0.1188    0.4833
206    2.4683    -0.4363    1.5851    -1.8411    0.4969    -0.1385    -0.3000    0.3711
207    3.2840    -0.2723    1.8327    -2.7113    0.5934    0.2924    0.1194    -0.5023
208    2.7095    -0.8574    1.3218    -2.2043    1.3301    -1.2047    0.1911    0.5306
209    2.6498    -0.5260    1.4657    -2.1440    0.3204    -0.1961    -0.2032    0.1513
210    2.4062    -0.5421    1.3843    -1.8920    0.4557    0.0068    -0.1743    0.4209
211    2.4626    -0.4771    1.4276    -1.9490    0.4017    0.0224    -0.1336    0.3782
212    2.5683    -0.4058    1.1036    -2.2833    1.1694    -0.8697    -0.7809    0.0368
213    2.4487    -0.3958    1.2830    -2.0478    0.4444    -0.1463    -0.2871    0.3061
214    2.4759    -0.3753    1.2572    -2.0997    0.4606    -0.1853    -0.3358    0.2551
215    2.6421    -0.3565    1.2679    -2.2905    0.3844    -0.1561    -0.3288    0.1238
216    2.6314    -0.2675    1.0261    -2.4082    0.4141    0.2500    -0.2921    0.1537
217    2.3557    -0.2724    1.1641    -2.0298    0.8517    0.6877    -0.0368    0.5011
218    2.5572    -0.1952    1.1971    -2.2512    0.7873    0.7244    -0.0576    0.3030
219    2.3994    -0.1903    1.1756    -2.0830    0.8754    0.7480    -0.0621    0.4506
220    2.4323    -0.1776    1.1533    -2.1342    0.8186    0.7069    -0.0956    0.4016
221    2.4159    -0.2221    1.1572    -2.1091    0.7959    0.6615    -0.0892    0.4334
222    2.4108    -0.2621    1.1941    -2.0779    0.8283    0.6905    -0.0394    0.4557
223    2.3197    -0.2882    1.1463    -1.9959    0.8658    0.6889    -0.0643    0.5206
224    2.2171    -0.3885    1.3099    -1.7460    1.2742    0.9931    0.2885    0.7443
225    2.4231    -0.2270    1.2027    -2.0913    0.8477    0.7257    -0.0240    0.4374
226    2.2171    -0.3265    1.1364    -1.8755    0.8907    0.6524    -0.0020    0.6064
227    1.6679    -0.2250    1.2128    -1.1226    1.3918    0.8541    0.0353    1.0983
228    2.0334    0.0377    0.9692    -1.7872    0.9110    0.7748    -0.2273    0.4218
229    2.2640    -0.1860    0.7617    -2.1239    0.8350    0.7919    -0.1374    0.2265
230    2.0480    -0.2162    1.0939    -1.7178    1.4823    1.3351    0.2557    0.5910
231    2.3727    -0.0628    0.9795    -2.1602    1.4531    1.4184    0.1579    0.2733
232    2.0901    -0.0555    0.9622    -1.8546    1.8431    1.7348    0.2717    0.5601
233    1.7507    -0.3063    0.9235    -1.4554    1.6414    1.2883    0.2351    0.9894
234    1.7753    -0.2416    0.9068    -1.5069    1.6556    1.3233    0.1734    0.9796
235    2.1654    0.0120    0.9676    -1.9372    1.8248    1.7254    0.2081    0.5564
236    2.4697    0.1138    0.9662    -2.2700    2.0110    1.9910    0.2000    0.1995
237    2.3301    -0.0108    0.9696    -2.1187    1.9506    1.9021    0.2961    0.3148
238    2.9826    0.3160    0.8665    -2.8364    1.9924    1.9858    0.0914    -0.1348
239    1.8549    -0.4695    0.7447    -1.6327    1.4629    0.9351    0.1898    1.1089
240    2.5692    -0.0327    0.9165    -2.3999    1.7771    1.7212    0.3055    0.3198
241    2.2821    -0.2192    0.8163    -2.1198    1.5486    1.4143    0.1973    0.5993
242    2.2395    -0.2833    0.8046    -2.0707    1.5228    1.3582    0.2211    0.6520
243    2.5876    -0.1648    0.9263    -2.4105    1.6247    1.5529    0.2939    0.3762
244    2.2717    -0.3991    0.8807    -2.0556    1.5003    1.2828    0.2899    0.7219
245    2.1455    -0.6324    0.9139    -1.8352    1.4119    1.0103    0.3413    0.9254
246    2.3439    -0.5530    1.0025    -2.0453    1.4493    1.1806    0.4024    0.7379
247    2.7054    -0.4041    1.0890    -2.4434    1.4711    1.3454    0.4106    0.4307
248    2.3471    -0.6548    1.0723    -1.9825    1.4568    1.0872    0.4488    0.8597
249    2.3781    -0.6519    0.9878    -2.0626    1.3163    0.9834    0.4044    0.7760
250    2.3286    -1.1710    1.1754    -1.6339    1.6188    0.9041    0.8248    1.0596
251    2.8259    -0.9735    1.3604    -2.2776    1.8797    1.4908    1.0262    0.5078
252    2.6722    -0.9602    1.3049    -2.1251    1.9773    1.6108    0.9288    0.6724
253    2.7761    -0.9682    1.3584    -2.2190    2.0732    1.7025    1.0126    0.6117
254    2.7512    -0.9463    1.3732    -2.1881    2.1327    1.7684    0.9981    0.6518
255    2.9206    -0.7891    1.3259    -2.4797    2.1321    1.8708    0.9245    0.4375
256    3.0399    -0.7978    1.4016    -2.5769    2.1042    1.8169    0.9712    0.4279
257    2.7920    -0.8271    1.2982    -2.3293    2.0848    1.7538    0.8901    0.6916
258    2.7196    -0.7719    1.3193    -2.2494    2.2107    1.8565    0.9247    0.7653
259    3.1264    -0.6873    1.4546    -2.6807    2.2801    2.0016    0.9744    0.4931
260    2.7031    -0.9501    1.4070    -2.1034    2.3082    1.8311    0.9633    1.0232
261    3.2260    -0.6901    1.4658    -2.7897    2.3573    2.1146    0.9855    0.3382
262    2.3406    -0.5272    0.8861    -2.1013    2.1156    1.8335    -0.3107    1.0086
263    3.3930    -0.5485    1.5472    -2.9695    2.6463    2.4677    0.9445    0.1454
264    2.7256    -0.6349    1.3038    -2.3078    2.3651    2.1415    0.5735    0.8237
265    2.8991    -0.6984    1.4712    -2.3985    2.3857    2.1111    0.8473    0.7192
266    3.2532    -0.2620    1.2563    -2.9894    2.3534    2.3289    0.3092    0.1374
267    2.5817    -0.4101    1.0499    -2.3227    2.2108    2.0526    -0.0534    0.8195
268    3.3442    -0.2217    1.2536    -3.0924    2.4226    2.4036    0.2955    0.0657
269    2.6272    -0.7583    1.2696    -2.1715    2.2701    1.9688    0.5539    0.9851
270    2.7159    -0.8189    1.3508    -2.2093    2.3299    1.9820    0.7622    0.9587
271    3.4483    -0.1074    0.9062    -3.3254    2.1894    2.1057    -0.5875    0.1192
272    3.7182    -0.4076    1.3895    -3.4246    2.5304    2.4621    0.5820    0.0440
273    3.6570    -0.6869    1.5180    -3.2554    2.4045    2.2372    0.8709    0.1340
274    3.0906    -1.2939    1.1980    -2.5382    1.7739    1.4285    0.5421    0.9012
275    2.7458    -1.2283    0.9473    -2.2657    1.7146    1.2645    -0.0038    1.1579
276    3.9196    -0.5574    0.9350    -3.7654    1.9132    1.8823    -0.1762    -0.2939
277    3.3150    -1.3165    1.2103    -2.7912    1.8111    1.5112    0.7351    0.6754
278    3.7182    -1.2248    1.3534    -3.2394    1.9369    1.6926    0.9155    0.2198
279    3.3009    -1.2659    1.0269    -2.8704    1.4575    1.3220    0.1330    0.5991
280    3.5431    -1.6964    1.2367    -2.8542    1.9188    1.4031    1.1149    0.6856
281    4.2563    -2.4519    0.6700    -3.4140    2.3890    0.7058    1.9710    1.1508
282    3.4178    -1.5517    1.2631    -2.7710    1.7705    1.3635    0.9042    0.6768
283    3.3453    -1.7786    1.1936    -2.5696    1.7025    1.1526    0.9133    0.8578
284    3.5330    -1.7074    1.3550    -2.7805    1.9160    1.4558    1.0668    0.6429
285    3.4845    -1.6896    1.3911    -2.7114    1.9796    1.4911    1.1013    0.6947
286    3.6923    -1.6149    1.4607    -2.9819    1.9577    1.5573    1.0952    0.4562
287    3.5704    -1.7068    1.5162    -2.7451    2.0242    1.5203    1.1613    0.6614
288    3.8301    -1.7029    1.3825    -3.1399    1.9080    1.5215    1.0870    0.3799
289    3.8168    -1.7957    2.1194    -2.6176    2.6300    1.9171    1.6035    0.8190
290    3.8717    -0.8398    2.0602    -3.1686    2.5481    2.4953    0.4370    0.2744
291    3.8517    -0.8786    2.0428    -3.1449    2.5169    2.4582    0.4312    0.3260
292    3.8637    -0.8733    2.0659    -3.1461    2.5410    2.4785    0.4336    0.3544
293    3.8061    -0.9687    2.0929    -3.0279    2.4805    2.3905    0.4777    0.4581
294    3.7713    -0.9797    2.0347    -3.0205    2.4817    2.3941    0.4421    0.4814
295    4.1252    -0.7280    2.0246    -3.5197    2.6359    2.6109    0.3551    0.0745
296    4.0461    -0.7375    2.0147    -3.4305    2.6200    2.5904    0.3414    0.1946
297    3.7633    -0.7028    1.9230    -3.1577    2.5835    2.5427    0.2598    0.3767
298    3.9305    -0.5927    1.8769    -3.4022    2.6021    2.5916    0.1998    0.1203
299    4.3939    -0.1056    1.7639    -4.0229    3.0467    3.0056    0.0157    -0.4988
300    4.3048    -0.2673    1.8074    -3.8979    2.9311    2.9047    0.1179    -0.3746
301    4.2639    -0.3046    1.8419    -3.8335    2.9484    2.9271    0.1691    -0.3101
302    4.3686    -0.3943    1.8736    -3.9266    2.9225    2.8966    0.2043    -0.3301
303    4.1539    -0.6061    1.9864    -3.5975    2.8942    2.8808    0.2768    -0.0275
304    4.1413    -0.4372    1.8794    -3.6643    3.1032    3.1002    0.0894    -0.1005
305    4.2926    -0.3821    1.8311    -3.8636    3.1593    3.1481    0.0441    -0.2622
306    3.4865    -0.8844    1.8087    -2.8465    2.5151    2.3759    0.1080    0.8179
307    4.1670    -0.5111    1.8563    -3.6955    3.1650    3.1608    0.1435    -0.0789
308    4.2296    -0.4632    1.8582    -3.7712    3.1912    3.1840    0.1309    -0.1700
309    4.4653    -0.5905    1.8862    -4.0041    3.1401    3.1060    0.2360    -0.3967
310    4.4696    -0.5625    1.8399    -4.0343    3.1861    3.1519    0.1914    -0.4244
311    4.5686    -0.5916    1.8585    -4.1314    3.1992    3.1552    0.2137    -0.4835
312    4.5380    -0.5545    1.8752    -4.0951    3.2942    3.2609    0.1922    -0.4254
313    3.9373    -0.9204    1.8636    -3.3440    2.6365    2.5994    0.2143    0.3851
314    3.4892    -1.0594    1.6975    -2.8585    2.4019    2.2113    0.1053    0.9316
315    4.3330    -0.6458    1.8633    -3.8583    3.2442    3.2294    0.2704    -0.1503
316    4.5134    -0.5664    1.8233    -4.0897    3.3067    3.2796    0.2321    -0.3539
317    3.4005    -1.4757    1.4040    -2.7230    3.4806    3.4032    0.4679    0.5597
318    4.1321    -0.4911    1.4772    -3.8277    3.9754    3.9711    0.0114    -0.1841
319    4.1451    -0.5403    1.4715    -3.8373    3.9012    3.8950    0.0649    -0.2100
320    4.0417    -0.5644    1.4157    -3.7433    3.8362    3.8344    0.0332    -0.1123
321    3.7504    -0.5959    1.2988    -3.4675    3.7098    3.7043    -0.0557    0.1945
322    3.8837    -0.6642    1.2375    -3.6208    3.6393    3.6372    -0.1057    0.0625
323    4.0961    -0.8958    1.4711    -3.7164    3.5223    3.5213    0.0487    -0.0638
324    4.1820    -1.0107    1.4897    -3.7747    3.6184    3.6051    0.2039    -0.2330
325    3.6887    -1.1089    1.3464    -3.2503    3.4175    3.4042    0.1043    0.2828
326    4.1099    -1.0228    1.4800    -3.6952    3.5820    3.5748    0.1792    -0.1376
327    4.0362    -1.0445    1.4544    -3.6173    3.5560    3.5515    0.1686    -0.0595
328    4.8655    -0.8199    1.7106    -4.4805    4.0547    3.9199    0.3031    -0.9916
329    4.1633    -1.0106    1.4789    -3.7583    3.5718    3.5578    0.1698    -0.2672
330    3.8123    -1.0784    1.3953    -3.3800    3.5172    3.5141    0.1275    0.0764
331    4.2506    -0.9365    1.5122    -3.8606    3.6640    3.6522    0.1148    -0.2709
332    3.6817    -0.9901    1.2443    -3.3206    3.4884    3.4835    -0.0845    0.1643
333    3.9053    -1.0019    1.2538    -3.5603    3.4029    3.4013    -0.0451    -0.0931
334    3.7160    -1.0120    1.0317    -3.4235    3.4908    3.4839    -0.1921    0.1072
335    3.2209    -1.0513    1.1118    -2.8343    3.3993    3.3680    -0.1298    0.4413
336    3.7047    -0.8788    1.1640    -3.4055    3.5989    3.5866    -0.2976    -0.0157
337    3.4088    -0.8604    1.0933    -3.1120    3.6221    3.5874    -0.4179    0.2748
338    3.2721    -0.8819    1.1075    -2.9500    3.6281    3.5843    -0.4019    0.3931
339    3.4264    -0.8738    1.1409    -3.1105    3.6162    3.5843    -0.4046    0.2565
340    3.2697    -0.8633    1.0666    -2.9679    3.5984    3.5489    -0.4671    0.3681
341    3.2191    -0.9596    1.1295    -2.8576    3.5518    3.5066    -0.3577    0.4365
342    3.3505    -0.9543    1.1011    -3.0171    3.5324    3.4987    -0.3939    0.2859
343    3.3730    -0.9585    1.1327    -3.0291    3.5583    3.5280    -0.3696    0.2787
344    3.2293    -1.0437    1.0775    -2.8597    3.4814    3.4323    -0.3995    0.4235
345    3.3557    -1.0436    1.0523    -3.0106    3.4438    3.4104    -0.3873    0.2809
346    4.5435    -0.9975    1.1896    -4.2701    3.5391    3.4698    -0.3045    -0.6271
347    3.7976    -1.0692    1.1313    -3.4639    3.5189    3.4979    -0.3255    0.2035
348    4.0612    -0.8969    1.2536    -3.7573    3.7060    3.6907    -0.3305    -0.0625
349    4.5563    -0.8717    1.3526    -4.2627    3.7497    3.7167    -0.2589    -0.4236
350    4.2369    -0.9197    1.3514    -3.9088    3.7063    3.6972    -0.2504    -0.0642
351    4.6744    -1.7024    1.3074    -4.1524    2.7732    2.7601    -0.0782    -0.2570
352    4.7358    -1.3054    1.5078    -4.2954    3.1561    3.1279    -0.1163    -0.4047
353    4.9084    -1.2609    1.4706    -4.5100    3.1572    3.1104    -0.1593    -0.5179
354    4.6960    -1.3043    1.4377    -4.2760    3.0689    3.0546    -0.1222    -0.2696
355    4.4497    -1.2988    1.3868    -4.0237    3.0384    3.0335    -0.1383    -0.1032
356    4.3993    -1.1641    1.2660    -4.0492    3.0527    3.0356    -0.2635    -0.1859
357    4.7217    -1.3875    1.3109    -4.3186    2.8501    2.8229    -0.1293    -0.3709
358    4.5753    -1.3117    1.2569    -4.1992    2.9148    2.8906    -0.2636    -0.2668
359    4.9717    -1.2488    1.3254    -4.6262    3.0301    2.9644    -0.2410    -0.5792
360    4.6495    -1.3252    1.3242    -4.2554    2.9522    2.9359    -0.2255    -0.2125
361    4.6123    -1.2656    1.4063    -4.2064    2.9752    2.9602    -0.2232    -0.1984
362    4.8909    -1.2204    1.3010    -4.5540    2.8965    2.8378    -0.3291    -0.4781
363    4.6861    -1.2917    1.2781    -4.3195    2.7778    2.7504    -0.3052    -0.2411
364    5.4942    -1.3289    1.6678    -5.0635    3.0973    2.9464    0.0625    -0.9527
365    3.7376    -1.3206    1.3195    -3.2380    3.0716    2.9217    -0.5448    0.7757
366    4.8948    -1.3550    1.5781    -4.4309    3.0512    3.0172    -0.2035    -0.4060
367    4.2867    -1.3729    1.4917    -3.7770    3.0200    3.0003    -0.3307    0.0949
368    4.5706    -1.4749    1.3117    -4.1225    2.4348    2.4180    -0.0245    -0.2845
369    5.1120    -1.4580    1.3531    -4.7091    2.5336    2.4520    0.0178    -0.6378
370    4.8891    -1.4450    1.3804    -4.4620    2.5115    2.4912    -0.0912    -0.3050
371    4.1523    -1.3701    1.1561    -3.7454    2.6080    2.5068    -0.5818    0.4233
372    4.9831    -1.5401    1.4783    -4.5026    2.5536    2.5259    0.0351    -0.3730
373    3.7736    -1.2764    0.9714    -3.4157    2.7353    2.5646    -0.9234    0.2281
374    4.5983    -1.5714    1.5579    -4.0308    2.6180    2.5923    0.1413    -0.3372
375    4.5458    -1.4211    1.3252    -4.1096    2.7340    2.6943    -0.2260    -0.4055
376    4.4167    -1.2617    1.3605    -4.0080    2.5390    2.5175    -0.0737    -0.3211
377    4.5344    -1.2530    0.9923    -4.2433    2.2146    2.1288    0.0702    -0.6064
378    4.7614    -0.8851    0.8948    -4.5921    2.4786    2.3221    -0.2575    -0.8276
379    4.8682    -1.4603    1.5065    -4.3929    2.5596    2.2098    1.1737    -0.5391
380    5.1538    -0.8916    0.7463    -5.0209    2.5923    2.2868    -0.2676    -1.1913
381    4.7124    -1.1851    1.1670    -4.4091    2.3939    2.2558    0.5361    -0.5957
382    4.3331    -0.7317    1.0155    -4.1484    2.3405    2.2718    -0.4275    -0.3663
383    3.9428    -1.0449    1.3551    -3.5521    2.2458    2.2172    0.2663    0.2382
384    3.9949    -1.0153    1.3468    -3.6214    2.2549    2.2269    0.2644    0.2363
385    nan    nan    nan    nan    nan    nan    nan    nan
386    5.2230    -0.9732    1.0951    -5.0133    2.4018    2.1126    0.2625    -1.1120
387    5.2606    -1.0263    1.0620    -5.0490    2.3831    2.0580    0.2915    -1.1657
388    4.8220    -2.6847    -0.1261    -4.0035    2.4527    -1.0515    2.1262    -0.6239
389    5.1993    -1.0762    1.1170    -4.9625    2.3302    2.0457    0.2794    -1.0801
390    5.1862    -1.0976    1.1239    -4.9425    2.3166    2.0409    0.2962    -1.0553
391    4.6528    -2.5381    0.6652    -3.8425    2.2987    0.9990    1.8014    -1.0203
392    4.5606    -2.4726    0.6107    -3.7832    2.1400    0.9866    1.6659    -0.9116
393    4.6521    -2.2909    0.7028    -3.9874    2.4029    1.5034    1.4551    -1.1817
394    5.6964    -1.0091    0.9912    -5.5179    2.5606    2.0826    0.1811    -1.4788
395    4.7917    -2.4443    0.7655    -4.0498    2.5693    1.6651    1.7199    -0.9330
396    4.9499    -2.5310    0.7883    -4.1803    2.3956    1.6985    1.6709    -0.2497
397    5.7335    -1.3593    1.0813    -5.4641    2.4636    1.8917    0.3653    -1.5355
398    4.7545    -2.5070    1.0556    -3.8995    3.9200    2.9944    1.7245    -1.8511
399    5.5283    -1.1055    1.0998    -5.3038    2.6468    2.2176    0.0645    -1.4434
400    4.8905    -2.9746    0.4548    -3.8551    2.6394    0.1546    2.4881    -0.8670
401    5.6270    -0.9377    1.1467    -5.4285    2.7422    2.2997    0.0550    -1.4927
402    4.8695    -1.1279    1.1105    -4.6051    2.2746    2.1166    0.1666    -0.8160
403    4.9334    -2.7904    0.4535    -4.0431    2.2035    0.6684    1.9042    -0.8846
404    5.1478    -1.1171    1.2022    -4.8792    2.6674    2.4698    0.2966    -0.9629
405    5.4324    -1.1966    1.1549    -5.1716    2.7092    2.4080    0.2910    -1.2070
406    5.5534    -1.2121    1.1690    -5.2919    2.6505    2.3582    0.3369    -1.1621
407    4.9572    -2.6068    0.6707    -4.1628    2.5158    1.4219    1.5750    -1.3516
408    4.6673    -2.2537    0.4655    -4.0606    0.0003    -0.0001    0.0001    0.0003
409    4.6510    -2.2362    0.4351    -4.0549    0.0003    -0.0001    0.0001    0.0003
410    4.6925    -2.2188    0.4237    -4.1130    0.0003    -0.0001    0.0001    0.0003
411    5.0100    -2.6154    0.6748    -4.2196    1.8461    1.0585    1.3527    -0.6766
412    5.0882    -2.8001    0.5537    -4.2122    2.0948    0.7989    1.8406    -0.6018
413    5.1032    -2.8777    0.2354    -4.2078    2.4096    -0.2251    2.2330    -0.8772
414    5.2210    -1.5736    1.0741    -4.8609    2.0630    1.8956    0.2884    -0.7614
415    4.8653    -2.3304    0.9256    -4.1694    2.0554    1.7835    0.2918    -0.9791
416    5.8742    -1.1444    0.8997    -5.6910    2.6524    2.2841    0.0054    -1.3485
417    6.0290    -1.0587    1.1154    -5.8296    2.8527    2.4442    0.2772    -1.4446
418    5.2652    -2.7177    0.4457    -4.4875    2.4442    0.5927    2.3510    -0.3093
419    5.8651    -1.0442    0.9594    -5.6911    2.6679    2.3881    0.0870    -1.1863
420    6.1150    -1.0013    1.0466    -5.9409    2.8102    2.4312    0.1376    -1.4027
421    6.1351    -0.9838    1.0420    -5.9654    2.8203    2.4367    0.1324    -1.4139
422    5.9682    -1.0055    1.1241    -5.7745    2.7538    2.4629    0.2480    -1.2066
423    4.8975    -0.6205    1.1530    -4.7192    2.7744    2.7101    0.0640    -0.5904
424    5.1083    -0.5969    1.2297    -4.9220    2.8538    2.7487    0.1161    -0.7583
425    5.8610    -0.5401    0.9242    -5.7624    3.1218    2.6769    -0.2188    -1.5912
426    5.9227    -0.5883    0.9888    -5.8099    3.1997    2.7281    -0.1357    -1.6666
427    5.7697    -1.3932    1.2936    -5.4475    2.4158    1.9604    0.3879    -1.3573
428    5.8679    -1.4835    1.3985    -5.5023    2.4379    1.9488    0.6615    -1.3069
429    6.0352    -1.6412    1.2410    -5.6737    2.3110    1.7194    0.4969    -1.4620
430    6.0118    -1.5756    1.1999    -5.6762    2.3533    1.7593    0.4705    -1.4905
431    5.8206    -1.0671    1.0979    -5.6156    2.8847    2.3961    0.0962    -1.6034
432    4.6876    -1.7328    0.0114    -4.3555    2.4603    -0.7622    -0.6726    -2.2404
433    4.8906    -2.5257    0.5300    -4.1542    2.3346    0.7090    1.6357    -1.5073
434    6.2720    -1.1066    1.0192    -6.0889    3.0602    2.2936    0.0225    -2.0257
435    6.4838    -1.1385    1.0365    -6.2983    3.1421    2.2788    0.0412    -2.1628
436    5.2209    -2.7619    0.1597    -4.4276    2.7619    -0.5335    1.9781    -1.8522
437    5.2288    -2.7399    0.1424    -4.4511    2.7590    -0.5294    1.9511    -1.8775
438    5.2815    -2.8866    0.2380    -4.4165    2.9280    -0.3955    2.2636    -1.8147
439    5.2173    -3.0643    -0.0894    -4.2217    3.3539    -0.8250    2.5834    -1.9733
440    5.1947    -3.0543    -0.1029    -4.2007    3.3390    -0.8479    2.5756    -1.9484
441    5.2673    -3.1018    0.0251    -4.2571    3.4456    -0.7806    2.5544    -2.1767
442    6.6487    -1.6820    1.1160    -6.3349    2.9740    1.9269    0.5094    -2.2073
443    6.9734    -1.7444    1.0595    -6.6680    3.1315    1.8665    0.4949    -2.4652
444    6.8448    -1.7492    1.0335    -6.5364    2.9901    1.8248    0.4510    -2.3254
445    4.7930    -2.0834    0.5479    -4.2815    0.0000    -0.0000    0.0000    -0.0000
446    6.7874    -1.9085    0.8270    -6.4608    2.8048    1.6365    0.1630    -2.2720
447    7.1267    -1.9976    0.5229    -6.8210    2.9327    1.4403    -0.0102    -2.5547
448    5.4399    -3.1368    0.1182    -4.4429    2.3030    -0.5149    2.0550    -0.9031
449    7.0181    -2.0997    0.7060    -6.6593    2.7727    1.4542    0.3660    -2.3323
450    7.1912    -2.2024    0.8072    -6.7979    2.8555    1.4375    0.4721    -2.4217
451    6.7529    -2.0767    0.9698    -6.3520    2.7105    1.6830    0.4407    -2.0784
452    5.0442    -2.3733    0.4481    -4.4284    2.3168    0.7857    -0.4137    -2.1398
453    4.9631    -2.2912    0.7786    -4.3333    2.0634    1.0417    -0.3316    -1.7500
454    4.9839    -2.2587    0.7584    -4.3775    2.0842    1.0342    -0.3607    -1.7733
455    6.6326    -1.8389    1.1666    -6.2649    2.7772    1.8970    0.3741    -1.9936
456    6.7366    -1.9069    1.1679    -6.3546    2.7790    1.8322    0.4802    -2.0336
457    5.3171    -2.8672    0.4714    -4.4530    1.9837    -0.2512    1.4458    -1.3347
458    5.2451    -2.8504    0.2017    -4.3984    2.1931    -0.5085    1.4368    -1.5770
459    7.7264    -1.8666    0.6638    -7.4681    3.1818    1.3038    0.0937    -2.9008
460    7.6352    -1.6547    0.5052    -7.4366    2.7006    1.0079    -0.0976    -2.5036
461    7.7127    -1.8719    0.5650    -7.4608    2.4398    0.6875    0.4840    -2.2904
462    7.2447    -1.6443    0.3766    -7.0455    1.9986    0.6917    -0.0103    -1.8750
463    7.2572    -1.6001    0.3594    -7.0695    2.0627    0.6966    -0.1376    -1.9367
464    5.6612    -2.2870    0.2297    -5.1736    1.9206    -0.5105    1.0777    -1.5056
465    6.9888    -1.7068    0.3580    -6.7677    1.8190    0.6130    -0.0635    -1.7115
466    nan    nan    nan    nan    nan    nan    nan    nan
467    nan    nan    nan    nan    nan    nan    nan    nan
468    nan    nan    nan    nan    nan    nan    nan    nan
469    nan    nan    nan    nan    nan    nan    nan    nan
470    5.3279    -2.0931    0.1671    -4.8966    1.5694    -0.6197    1.1105    -0.9197
471    6.1216    -1.3282    0.2894    -5.9688    1.4756    0.7975    -0.3715    -1.1846
472    6.3503    -1.3925    0.4679    -6.1781    1.6246    0.6934    -0.0797    -1.4670
473    6.8744    -1.4402    0.1160    -6.7208    2.0166    0.4148    -0.3496    -1.9422
474    6.5459    -1.1982    0.2136    -6.4318    1.9137    0.6666    -0.4088    -1.7467
475    7.0289    -1.3284    0.0380    -6.9022    2.2902    0.4448    -0.5653    -2.1743
476    7.2132    -0.6742    0.2059    -7.1786    2.7942    0.9192    -0.6481    -2.5578
477    7.5043    -0.7113    0.2826    -7.4652    2.9578    0.9117    -0.5756    -2.7542
478    7.3090    -0.6395    0.2261    -7.2775    2.8383    0.9422    -0.6403    -2.5997
479    7.3624    -0.5158    -0.1347    -7.3431    2.9813    1.2648    -0.7458    -2.5946
480    7.0781    -0.4297    0.1198    -7.0640    2.9203    1.6521    -0.5554    -2.3431
481    7.1193    -0.4773    -0.0201    -7.1033    2.9877    1.7254    -0.6539    -2.3499
482    6.3462    -0.3140    0.3665    -6.3278    2.7925    2.1036    -0.4947    -1.7687
483    6.3236    -0.2095    0.3318    -6.3114    3.0010    2.1838    -0.7930    -1.8994
484    6.9845    -0.2045    0.2448    -6.9772    3.4571    2.1996    -0.9603    -2.4881
485    6.7932    -0.1694    0.2174    -6.7876    3.3265    2.2019    -1.0052    -2.2819
486    7.0176    -0.5547    0.5396    -6.9748    3.1468    2.0838    -0.3806    -2.3270
487    7.1812    -0.0187    0.4149    -7.1691    3.7152    2.4885    -1.1801    -2.4935
488    6.8855    -0.0920    0.3993    -6.8733    3.3121    2.2541    -1.0798    -2.1733
489    7.0670    -0.3668    0.9206    -6.9972    3.5199    2.4611    -0.6545    -2.4299
490    7.5524    -0.3594    1.1218    -7.4600    3.9109    2.6688    -0.5383    -2.8077
491    7.7178    -0.3526    1.0401    -7.6392    3.9810    2.6389    -0.5847    -2.9228
492    7.9705    -0.2638    0.9152    -7.9134    4.0904    2.6175    -0.6871    -3.0672
493    5.4704    -1.4943    1.4797    -5.0500    4.2003    3.0435    0.1229    -2.8922
494    7.7044    -0.2931    1.1291    -7.6155    3.8495    2.6770    -0.6073    -2.6988
495    7.8235    -0.4996    1.4904    -7.6639    3.9264    2.8025    -0.1462    -2.7462
496    7.5247    -0.5327    1.5774    -7.3383    3.7066    2.7546    -0.1557    -2.4752
497    7.8192    -0.6841    1.5519    -7.6331    3.7967    2.6427    -0.1180    -2.7233
498    7.7779    -0.6222    1.5493    -7.5965    3.8710    2.7904    -0.1714    -2.6775
499    7.6882    -0.6057    1.3654    -7.5417    3.7360    2.7097    -0.2362    -2.5611
500    7.6875    -0.5915    1.2855    -7.5561    3.6788    2.6743    -0.2546    -2.5133
501    7.0651    -0.7723    1.6447    -6.8275    3.3187    2.6963    0.1033    -1.9321
502    7.0150    -0.5284    1.8483    -6.7465    3.7266    3.1700    0.0555    -1.9584
503    7.1679    -0.5692    1.5943    -6.9652    3.7767    3.0487    -0.1860    -2.2214
504    5.6652    -2.5256    1.0345    -4.9645    3.4788    0.7246    2.4359    -2.3756
505    7.0003    -0.6353    1.9446    -6.6947    3.6096    3.0134    0.1643    -1.9803
506    5.1321    -1.6779    1.6675    -4.5545    3.8312    2.5882    0.8042    -2.7079
507    7.3354    -0.0100    1.5941    -7.1600    4.4656    3.4136    -0.6342    -2.8083
508    7.4698    -0.0714    1.4910    -7.3191    4.5050    3.3328    -0.7179    -2.9448
509    7.2608    -0.2403    1.9619    -6.9865    4.1990    3.3081    -0.3014    -2.5686
510    7.1291    -0.2581    1.9191    -6.8611    3.9915    3.1926    -0.3053    -2.3761
511    7.2432    -0.3010    1.9767    -6.9618    4.0322    3.1926    -0.2427    -2.4511
512    7.2698    -0.5057    2.0897    -6.9446    3.7689    2.8840    -0.1339    -2.4227
513    7.1185    -0.3925    2.0678    -6.8002    3.8578    3.0864    -0.2064    -2.3052
514    7.0767    0.2386    2.2949    -6.6901    4.3702    3.6281    -0.7721    -2.3107
515    6.9366    0.5503    2.2544    -6.5369    4.6497    3.8865    -1.2701    -2.2139
516    7.7835    1.2524    2.3120    -7.3259    5.6583    4.4595    -1.7439    -3.0146
517    7.7466    1.2502    2.3162    -7.2857    5.3932    4.3612    -1.5480    -2.7695
518    7.6463    1.2103    2.3783    -7.1655    5.3350    4.3437    -1.5216    -2.6980
519    7.9661    1.5803    3.1984    -7.1227    6.3815    5.5895    -1.3660    -2.7595
520    7.9799    1.5971    3.3525    -7.0632    6.5289    5.7686    -1.2982    -2.7684
521    7.4285    1.6988    3.9419    -6.0628    6.4012    6.0210    -0.9372    -1.9608
522    8.5444    1.0980    4.2028    -7.3579    6.3638    5.5050    -0.6193    -3.1320
523    8.3620    1.3029    4.4125    -6.9825    6.6427    5.9977    -0.5664    -2.7985
524    8.4113    1.1757    4.7574    -6.8363    6.6742    6.1088    -0.1930    -2.6814
525    8.2873    1.2893    4.8015    -6.6304    6.6831    6.1609    -0.3968    -2.5591
526    8.5124    2.1835    4.2035    -7.0727    7.2769    6.3534    -1.6362    -3.1482
527    8.6227    2.0851    3.9167    -7.3935    7.3014    6.1741    -1.8824    -3.4128
528    8.7451    0.8857    4.0545    -7.6976    6.9851    5.5804    -1.3011    -3.9948
529    9.6140    0.6228    3.9355    -8.7495    7.2905    5.3792    -1.1831    -4.7765
530    9.7766    0.5957    4.6987    -8.5528    7.6294    5.8992    -0.7112    -4.7856
531    11.3052    0.1106    5.2666    -10.0029    8.3934    5.9859    -0.4868    -5.8635
532    10.4822    0.7898    4.6656    -9.3533    8.5161    6.4013    -2.0986    -5.2098
533    11.2981    0.9105    4.2653    -10.4223    9.0147    6.2518    -2.3883    -6.0395
534    10.7510    0.8567    4.5145    -9.7195    8.4376    6.2628    -1.9609    -5.3033
535    10.7256    0.7383    5.1349    -9.3875    8.4372    6.6568    -1.3210    -5.0129
536    10.6446    0.7482    5.1842    -9.2666    8.3592    6.6157    -1.3678    -4.9232
537    10.4176    0.7575    5.3220    -8.9235    8.2059    6.6247    -1.2860    -4.6687
538    10.6053    0.4800    5.8289    -8.8468    7.7864    6.2305    -0.7629    -4.6073
539    10.2707    0.5556    6.1296    -8.2224    7.8108    6.5626    -0.6730    -4.1818
540    11.7371    -0.5022    6.0137    -10.0669    8.2288    5.8224    -0.3123    -5.8066
541    11.1708    0.0430    5.9426    -9.4588    8.3044    6.3352    -0.9943    -5.2764
542    11.2169    -0.0051    6.2245    -9.3314    8.3032    6.4172    -0.8225    -5.2045
543    11.6809    -0.1977    6.4277    -9.7514    8.4466    6.2991    -0.8235    -5.5667
544    11.5410    -0.2747    6.4516    -9.5653    8.4837    6.2991    -1.6529    -5.4372
545    11.5752    -0.4160    6.3772    -9.6511    8.4183    5.8771    -2.2073    -5.6084
546    12.3056    -1.1077    6.7990    -10.1969    8.0413    4.9742    -1.7100    -6.0824
547    12.3911    -1.8080    9.7327    -7.4529    7.4415    5.9074    3.2670    -3.1314
548    12.7703    -2.1149    10.3989    -7.1042    7.5521    6.0407    3.4358    -2.9563
549    12.7241    -0.8283    7.4376    -10.2907    9.1880    6.1382    -2.5961    -6.3247
