100    2.7334    1.59    0.2713    0.1797    -2.7139    0.89    0.98    0.89
101    2.7308    1.50    0.1851    -0.3392    -2.7033    0.81    0.90    0.88
102    2.6496    1.49    0.1545    -0.4088    -2.6133    0.81    0.90    0.88
103    2.8259    1.49    0.1970    -0.2546    -2.8075    0.81    0.90    0.87
104    2.6930    1.48    0.0725    -0.2531    -2.6801    0.80    0.89    0.87
105    2.3841    1.46    0.2718    -0.3217    -2.3466    0.80    0.88    0.86
106    2.4400    1.45    0.1158    -0.2544    -2.4240    0.79    0.87    0.85
107    2.3307    1.44    0.1083    -0.3392    -2.3033    0.79    0.86    0.84
108    2.3090    1.44    0.0895    -0.3304    -2.2835    0.79    0.86    0.84
109    2.2960    1.44    0.1200    -0.3578    -2.2648    0.79    0.86    0.84
110    2.1948    1.44    0.1017    -0.3067    -2.1709    0.79    0.86    0.84
111    2.2276    1.43    -0.0081    -0.3280    -2.2033    0.79    0.86    0.84
112    2.2486    1.23    -0.3376    -0.1604    -2.2173    0.72    0.76    0.64
113    2.2497    1.23    -0.3815    -0.1631    -2.2111    0.71    0.76    0.64
114    2.2586    1.23    -0.3743    -0.1698    -2.2209    0.71    0.76    0.64
115    2.3056    1.22    -0.4068    -0.3282    -2.2456    0.71    0.76    0.64
116    2.3004    1.22    -0.3890    -0.3220    -2.2442    0.71    0.75    0.64
117    2.2279    1.22    -0.3527    -0.2840    -2.1814    0.71    0.75    0.64
118    2.3851    1.19    -0.2775    -0.4741    -2.3210    0.71    0.73    0.60
119    2.4035    1.19    -0.2957    -0.4538    -2.3417    0.71    0.73    0.60
120    2.3422    1.18    -0.2327    -0.4745    -2.2818    0.71    0.73    0.60
121    2.3364    1.18    -0.2775    -0.5046    -2.2644    0.71    0.73    0.60
122    2.4579    1.18    -0.2007    -0.5679    -2.3830    0.71    0.73    0.60
123    2.5604    1.18    -0.2661    -0.5223    -2.4924    0.71    0.73    0.60
124    2.5979    1.17    -0.1769    -0.5907    -2.5237    0.70    0.73    0.59
125    2.5601    1.17    -0.2519    -0.5401    -2.4898    0.70    0.73    0.59
126    2.5422    1.17    -0.2812    -0.5278    -2.4709    0.70    0.73    0.59
127    2.4622    1.17    -0.2170    -0.4486    -2.4112    0.70    0.73    0.58
128    2.4566    1.17    -0.2215    -0.4599    -2.4030    0.70    0.73    0.58
129    2.3088    1.16    -0.1668    -0.3503    -2.2760    0.70    0.72    0.58
130    2.3912    1.16    -0.1068    -0.3074    -2.3690    0.70    0.72    0.58
131    2.4149    1.16    -0.1584    -0.3053    -2.3903    0.70    0.72    0.58
132    2.3422    1.16    -0.3194    -0.3078    -2.2998    0.70    0.72    0.58
133    2.3270    1.16    -0.3112    -0.3307    -2.2823    0.70    0.72    0.58
134    2.3719    1.16    -0.2998    -0.3099    -2.3323    0.70    0.72    0.58
135    2.3980    1.16    -0.2804    -0.2059    -2.3726    0.70    0.72    0.58
136    2.3025    1.15    -0.1800    -0.2836    -2.2779    0.69    0.72    0.57
137    2.1265    1.14    0.0113    -0.2411    -2.1128    0.69    0.71    0.56
138    2.2780    1.00    -0.3752    -0.1202    -2.2437    0.59    0.61    0.53
139    2.1539    1.00    -0.3813    -0.0029    -2.1198    0.59    0.60    0.53
140    2.2464    0.99    -0.3816    -0.0846    -2.2121    0.59    0.60    0.53
141    2.2413    0.98    -0.4672    0.0702    -2.1910    0.58    0.60    0.52
142    2.2698    0.98    -0.4614    0.0002    -2.2224    0.58    0.59    0.51
143    2.2574    0.98    -0.4839    -0.0563    -2.2042    0.58    0.59    0.51
144    2.2789    0.98    -0.4529    -0.0034    -2.2335    0.58    0.59    0.51
145    2.2104    0.97    -0.4792    0.0207    -2.1577    0.58    0.59    0.51
146    2.2125    0.97    -0.4807    0.0001    -2.1597    0.58    0.59    0.51
147    2.2911    0.97    -0.4639    0.0123    -2.2436    0.58    0.59    0.51
148    2.2871    0.97    -0.4742    -0.0007    -2.2374    0.58    0.59    0.51
149    2.2852    0.97    -0.4886    -0.0049    -2.2323    0.58    0.59    0.51
150    2.2875    0.97    -0.5087    -0.0036    -2.2303    0.58    0.59    0.51
151    2.2908    0.97    -0.5198    -0.0012    -2.2310    0.58    0.59    0.51
152    2.1442    0.97    -0.5037    0.0267    -2.0840    0.58    0.59    0.51
153    2.0785    0.97    -0.4326    0.1086    -2.0300    0.58    0.59    0.51
154    2.0977    0.97    -0.4220    0.1146    -2.0516    0.58    0.59    0.51
155    2.1192    0.97    -0.4616    0.0571    -2.0675    0.58    0.59    0.51
156    2.1474    0.97    -0.5027    0.0306    -2.0874    0.58    0.59    0.51
157    2.1392    0.97    -0.5278    0.0448    -2.0725    0.58    0.59    0.51
158    2.1419    0.96    -0.4190    0.0984    -2.0982    0.57    0.59    0.50
159    2.2825    0.95    -0.3155    0.1783    -2.2536    0.57    0.58    0.49
160    2.2961    0.95    -0.3337    0.2319    -2.2598    0.57    0.58    0.49
161    2.3389    0.95    -0.3177    0.2581    -2.3028    0.57    0.58    0.49
162    2.4011    0.95    -0.2739    0.2375    -2.3736    0.57    0.58    0.49
163    2.4151    0.95    -0.2829    0.2785    -2.3822    0.57    0.58    0.49
164    2.3858    0.95    -0.2511    0.2809    -2.3558    0.57    0.58    0.49
165    2.3950    0.95    -0.2109    0.2701    -2.3704    0.57    0.58    0.49
166    2.4386    0.95    -0.2742    0.2827    -2.4066    0.57    0.58    0.49
167    2.4595    0.95    -0.3392    0.2385    -2.4243    0.57    0.58    0.49
168    2.5240    0.95    -0.3878    0.3035    -2.4755    0.57    0.58    0.49
169    2.5019    0.94    -0.3795    0.3577    -2.4470    0.57    0.58    0.49
170    2.4935    0.94    -0.4137    0.3154    -2.4386    0.57    0.58    0.49
171    2.5607    0.94    -0.4477    0.3265    -2.5000    0.57    0.58    0.49
172    2.6846    0.94    -0.3407    0.4186    -2.6297    0.56    0.58    0.48
173    2.9059    0.92    -0.1864    0.2916    -2.8852    0.56    0.57    0.46
174    2.8724    0.91    -0.0726    0.3323    -2.8522    0.56    0.56    0.46
175    2.6287    0.81    -0.5724    1.3345    -2.1912    0.48    0.49    0.43
176    2.6450    0.81    -0.5675    1.3766    -2.1861    0.48    0.49    0.42
177    2.6079    0.81    -0.5496    1.3530    -2.1607    0.48    0.49    0.42
178    2.6292    0.81    -0.5926    1.3665    -2.1666    0.48    0.49    0.42
179    2.7518    0.78    -0.4383    1.4088    -2.3228    0.47    0.48    0.40
180    2.7476    0.78    -0.4391    1.3980    -2.3242    0.47    0.48    0.40
181    2.7995    0.78    -0.3723    1.4958    -2.3369    0.46    0.48    0.39
182    2.7358    0.77    -0.4116    1.4717    -2.2692    0.46    0.48    0.39
183    2.7006    0.77    -0.4086    1.4070    -2.2686    0.46    0.48    0.39
184    2.6929    0.77    -0.4158    1.4023    -2.2611    0.46    0.48    0.39
185    2.7738    0.77    -0.4542    1.3778    -2.3641    0.46    0.48    0.39
186    2.6574    0.77    -0.4896    1.3691    -2.2244    0.46    0.48    0.39
187    2.8289    0.77    -0.5133    1.4312    -2.3855    0.46    0.48    0.39
188    2.8129    0.77    -0.4819    1.4508    -2.3612    0.46    0.48    0.39
189    2.8379    0.77    -0.4607    1.4271    -2.4093    0.46    0.48    0.39
190    2.8678    0.77    -0.4210    1.4917    -2.4129    0.46    0.48    0.38
191    2.8518    0.77    -0.4227    1.4418    -2.4239    0.46    0.48    0.38
192    2.8715    0.76    -0.3636    1.5064    -2.4175    0.46    0.48    0.38
193    2.9846    0.76    -0.4190    1.5347    -2.5252    0.46    0.48    0.38
194    3.0246    0.76    -0.4241    1.5608    -2.5558    0.46    0.48    0.38
195    3.0172    0.76    -0.4282    1.5487    -2.5537    0.46    0.48    0.38
196    3.0185    0.76    -0.4291    1.5751    -2.5389    0.46    0.48    0.38
197    2.9325    0.76    -0.4591    1.4449    -2.5102    0.46    0.47    0.38
198    3.0226    0.76    -0.5024    1.3725    -2.6457    0.46    0.47    0.38
199    2.9966    0.76    -0.5213    1.2804    -2.6586    0.45    0.47    0.38
200    3.0076    0.75    -0.4487    1.3048    -2.6724    0.45    0.47    0.38
201    3.0165    0.75    -0.4394    1.2431    -2.7131    0.45    0.47    0.38
202    2.9960    0.75    -0.3919    1.2223    -2.7071    0.45    0.47    0.37
203    2.9959    0.75    -0.3925    1.2152    -2.7101    0.45    0.47    0.37
204    3.0558    0.75    -0.4136    1.2150    -2.7732    0.45    0.47    0.37
205    3.0777    0.74    -0.4307    0.9426    -2.8979    0.44    0.46    0.37
206    3.0488    0.74    -0.4087    0.9449    -2.8697    0.44    0.46    0.37
207    3.0812    0.74    -0.4041    0.9820    -2.8924    0.44    0.46    0.37
208    3.0496    0.74    -0.3725    0.9623    -2.8697    0.44    0.46    0.37
209    3.0504    0.74    -0.3717    0.9554    -2.8730    0.44    0.46    0.37
210    3.0609    0.74    -0.3885    0.9601    -2.8804    0.44    0.46    0.37
211    3.0344    0.74    -0.4112    0.9216    -2.8617    0.44    0.46    0.37
212    3.0080    0.74    -0.4096    0.9211    -2.8341    0.44    0.46    0.37
213    3.0504    0.73    -0.3636    0.9616    -2.8720    0.44    0.46    0.36
214    2.9849    0.73    -0.3845    0.8913    -2.8227    0.44    0.46    0.36
215    2.6900    0.73    -0.1953    0.9509    -2.5088    0.44    0.46    0.36
216    2.6548    0.73    -0.1981    0.8000    -2.5236    0.44    0.45    0.36
217    2.7364    0.70    -0.3838    0.5298    -2.6570    0.42    0.44    0.36
218    2.7480    0.70    -0.4133    0.5638    -2.6576    0.42    0.43    0.36
219    2.8501    0.70    -0.4077    0.4859    -2.7786    0.42    0.43    0.35
220    2.8215    0.70    -0.3980    0.3396    -2.7726    0.42    0.43    0.35
221    2.8582    0.70    -0.3995    0.3761    -2.8050    0.42    0.43    0.35
222    2.8972    0.70    -0.3750    0.3795    -2.8476    0.42    0.43    0.35
223    2.9020    0.70    -0.3698    0.3715    -2.8543    0.42    0.43    0.35
224    2.8743    0.70    -0.4678    0.3224    -2.8176    0.42    0.43    0.35
225    2.8534    0.70    -0.4879    0.3117    -2.7940    0.42    0.43    0.35
226    3.1003    0.69    -0.3809    0.3023    -3.0619    0.42    0.43    0.34
227    3.1268    0.69    -0.4113    0.2903    -3.0860    0.42    0.43    0.34
228    3.1057    0.69    -0.4322    0.2995    -3.0608    0.42    0.43    0.34
229    3.1094    0.69    -0.4747    0.2905    -3.0592    0.41    0.43    0.34
230    3.1160    0.69    -0.4944    0.2776    -3.0640    0.41    0.43    0.34
231    3.1868    0.69    -0.4936    0.3420    -3.1297    0.41    0.43    0.34
232    3.1811    0.69    -0.5390    0.3332    -3.1173    0.41    0.43    0.34
233    3.1824    0.68    -0.5993    0.3874    -3.1014    0.41    0.42    0.34
234    3.2102    0.68    -0.6103    0.4249    -3.1229    0.41    0.42    0.34
235    3.3051    0.68    -0.6003    0.4880    -3.2132    0.41    0.42    0.34
236    3.2807    0.68    -0.6279    0.4884    -3.1828    0.41    0.42    0.34
237    3.2693    0.68    -0.6224    0.4422    -3.1789    0.41    0.42    0.34
238    3.1776    0.67    -0.9364    0.4493    -3.0031    0.41    0.41    0.33
239    3.3021    0.67    -1.0511    0.4762    -3.0939    0.40    0.41    0.33
240    3.3244    0.67    -1.0883    0.4371    -3.1107    0.40    0.41    0.33
241    3.3697    0.67    -1.1210    0.4424    -3.1469    0.40    0.41    0.33
242    3.3801    0.67    -1.1225    0.4512    -3.1562    0.40    0.41    0.33
243    3.4399    0.67    -1.0880    0.4276    -3.2352    0.40    0.41    0.33
244    3.5262    0.66    -1.0586    0.4929    -3.3272    0.40    0.41    0.33
245    3.5154    0.66    -1.0176    0.4172    -3.3389    0.40    0.41    0.33
246    3.4965    0.66    -0.9752    0.3981    -3.3340    0.40    0.41    0.33
247    3.6228    0.65    -0.9918    0.5615    -3.4388    0.40    0.40    0.32
248    3.6463    0.65    -1.0678    0.5364    -3.4449    0.40    0.40    0.32
249    3.6160    0.65    -1.1049    0.5395    -3.4005    0.40    0.40    0.32
250    3.6836    0.65    -1.1985    0.5817    -3.4343    0.40    0.40    0.32
251    3.6842    0.65    -1.1603    0.6071    -3.4436    0.40    0.40    0.32
252    3.6424    0.65    -1.0808    0.5694    -3.4314    0.40    0.40    0.32
253    3.6492    0.65    -1.0635    0.6208    -3.4351    0.40    0.40    0.32
254    3.6478    0.65    -1.0540    0.5997    -3.4404    0.40    0.40    0.32
255    3.6786    0.65    -1.0826    0.5706    -3.4691    0.40    0.40    0.32
256    3.6828    0.65    -1.0765    0.5894    -3.4722    0.40    0.40    0.32
257    3.6987    0.65    -1.1127    0.5486    -3.4845    0.40    0.40    0.32
258    3.8925    0.64    -1.1136    0.5368    -3.6910    0.40    0.40    0.31
259    4.0500    0.64    -1.2341    0.6314    -3.8054    0.39    0.39    0.31
260    3.9571    0.64    -1.1800    0.6129    -3.7271    0.39    0.39    0.31
261    4.0288    0.64    -1.2469    0.6861    -3.7690    0.39    0.39    0.31
262    4.0777    0.64    -1.2621    0.7033    -3.8131    0.39    0.39    0.31
263    4.0888    0.64    -1.2645    0.6784    -3.8288    0.39    0.39    0.31
264    4.0934    0.64    -1.3010    0.6224    -3.8309    0.39    0.39    0.31
265    4.1063    0.63    -1.3393    0.6787    -3.8219    0.39    0.39    0.31
266    4.2164    0.63    -1.4941    0.4637    -3.9155    0.39    0.39    0.31
267    4.1559    0.63    -1.4154    0.5163    -3.8732    0.39    0.39    0.31
268    4.0873    0.63    -1.3958    0.5966    -3.7949    0.39    0.39    0.31
269    4.0933    0.62    -1.4975    0.5452    -3.7703    0.39    0.39    0.30
270    4.1168    0.62    -1.5534    0.5987    -3.7652    0.39    0.38    0.30
271    4.0953    0.62    -1.5210    0.6152    -3.7523    0.39    0.38    0.30
272    4.1420    0.62    -1.5364    0.6852    -3.7850    0.39    0.38    0.30
273    4.1202    0.62    -1.5380    0.7164    -3.7546    0.39    0.38    0.30
274    4.2432    0.62    -1.6319    0.6108    -3.8689    0.38    0.38    0.30
275    4.2347    0.53    -1.0647    1.5631    -3.7889    0.31    0.30    0.30
276    4.2456    0.53    -1.0405    1.5539    -3.8116    0.31    0.30    0.30
277    4.2726    0.53    -1.0614    1.5423    -3.8406    0.31    0.30    0.30
278    4.3098    0.53    -1.0538    1.5633    -3.8756    0.31    0.30    0.30
279    4.3032    0.53    -1.0774    1.5696    -3.8591    0.31    0.30    0.30
280    4.3078    0.53    -1.1044    1.5297    -3.8726    0.31    0.30    0.30
281    4.3983    0.53    -1.0537    1.5644    -3.9734    0.31    0.30    0.30
282    4.4252    0.53    -1.0366    1.5632    -4.0080    0.31    0.30    0.30
283    4.2976    0.53    -0.9894    1.5210    -3.8957    0.31    0.30    0.30
284    4.2814    0.53    -0.9848    1.5112    -3.8829    0.31    0.30    0.30
285    4.2025    0.52    -0.8385    1.4720    -3.8459    0.31    0.30    0.30
286    4.2413    0.52    -0.8904    1.4690    -3.8779    0.31    0.30    0.30
287    4.2469    0.52    -0.8926    1.4672    -3.8842    0.31    0.30    0.30
288    4.3439    0.52    -0.9613    1.4834    -3.9679    0.31    0.30    0.29
289    4.3325    0.52    -0.9751    1.4799    -3.9535    0.31    0.30    0.29
290    4.3648    0.52    -0.9943    1.4578    -3.9922    0.31    0.30    0.29
291    4.4281    0.52    -1.0248    1.4521    -4.0558    0.31    0.30    0.29
292    4.3829    0.52    -1.0354    1.4167    -4.0163    0.31    0.30    0.29
293    4.3672    0.52    -1.0193    1.4262    -3.9999    0.31    0.30    0.29
294    4.3949    0.52    -1.1191    1.4018    -4.0122    0.31    0.30    0.29
295    4.3892    0.52    -1.1344    1.3763    -4.0105    0.31    0.30    0.29
296    4.4381    0.52    -1.1685    1.3826    -4.0522    0.31    0.30    0.29
297    4.4671    0.52    -1.1581    1.4039    -4.0796    0.31    0.30    0.29
298    4.5253    0.52    -1.1576    1.4293    -4.1346    0.31    0.30    0.29
299    4.5498    0.52    -1.1301    1.3567    -4.1932    0.31    0.30    0.29
300    4.4852    0.52    -1.1357    1.3422    -4.1262    0.31    0.30    0.29
301    4.5057    0.52    -1.1356    1.3240    -4.1543    0.31    0.30    0.29
302    4.0215    0.47    -1.6932    0.3048    -3.6349    0.27    0.27    0.28
303    4.0677    0.47    -1.8065    0.2271    -3.6374    0.27    0.27    0.27
304    4.0954    0.47    -1.8275    0.2332    -3.6576    0.27    0.27    0.27
305    4.0987    0.47    -1.8278    0.2193    -3.6620    0.27    0.27    0.27
306    4.1196    0.47    -1.8061    0.2106    -3.6966    0.27    0.27    0.27
307    4.1474    0.46    -1.8820    0.2212    -3.6892    0.27    0.27    0.27
308    4.1391    0.46    -2.0901    0.2193    -3.5658    0.26    0.26    0.27
309    4.1073    0.46    -2.1199    0.2062    -3.5118    0.26    0.26    0.27
310    4.1383    0.46    -2.1214    0.2176    -3.5465    0.26    0.26    0.27
311    4.1549    0.46    -2.1184    0.2231    -3.5672    0.26    0.26    0.27
312    4.1577    0.46    -2.1271    0.2178    -3.5657    0.26    0.26    0.27
313    4.0082    0.46    -2.0833    0.2077    -3.4179    0.26    0.26    0.27
314    4.0940    0.46    -2.1168    0.2211    -3.4973    0.26    0.26    0.27
315    4.0759    0.46    -2.1440    0.2048    -3.4604    0.26    0.26    0.27
316    4.1824    0.46    -2.0972    0.2660    -3.6088    0.26    0.26    0.27
317    4.0870    0.46    -2.1079    0.1970    -3.4959    0.26    0.26    0.26
318    4.0869    0.46    -2.1101    0.1862    -3.4950    0.26    0.26    0.26
319    4.1096    0.44    -2.1450    -0.0151    -3.5054    0.26    0.26    0.26
320    4.0567    0.44    -2.2142    0.1040    -3.3975    0.26    0.25    0.25
321    4.1759    0.44    -2.2415    0.1676    -3.5194    0.26    0.25    0.25
322    4.1711    0.44    -2.2355    0.1776    -3.5169    0.26    0.25    0.25
323    4.1312    0.44    -2.2360    0.1908    -3.4685    0.26    0.25    0.25
324    4.1602    0.44    -2.2442    0.2192    -3.4961    0.26    0.25    0.25
325    4.1240    0.44    -2.2301    0.1939    -3.4635    0.26    0.25    0.25
326    4.1032    0.44    -2.2617    0.2152    -3.4168    0.26    0.25    0.25
327    4.1230    0.44    -2.2836    0.2015    -3.4269    0.26    0.25    0.25
328    4.1341    0.44    -2.2934    0.2127    -3.4330    0.26    0.25    0.25
329    4.1391    0.44    -2.3373    0.2089    -3.4096    0.26    0.25    0.25
330    4.1459    0.44    -2.3404    0.1755    -3.4177    0.26    0.25    0.25
331    4.5164    0.44    -2.3968    0.2163    -3.8219    0.26    0.25    0.25
332    4.5160    0.44    -2.3925    0.1973    -3.8251    0.26    0.25    0.25
333    4.5003    0.44    -2.3118    0.2690    -3.8517    0.26    0.25    0.25
334    4.6340    0.43    -2.3148    0.3170    -4.0019    0.26    0.25    0.24
335    4.6308    0.43    -2.3135    0.3307    -3.9978    0.26    0.25    0.24
336    4.7697    0.42    -2.5090    0.3597    -4.0405    0.24    0.24    0.24
337    4.7920    0.42    -2.4731    0.3348    -4.0908    0.24    0.24    0.24
338    4.8704    0.42    -2.4486    0.3254    -4.1975    0.24    0.24    0.24
339    4.8701    0.42    -2.4317    0.2971    -4.2091    0.24    0.24    0.24
340    4.7728    0.42    -2.4033    0.2656    -4.1150    0.24    0.24    0.24
341    4.9327    0.41    -2.5264    0.3343    -4.2234    0.24    0.24    0.24
342    4.9533    0.41    -2.5338    0.3612    -4.2408    0.24    0.24    0.24
343    5.0567    0.41    -2.5182    0.3930    -4.3674    0.24    0.24    0.24
344    5.0656    0.41    -2.5475    0.3947    -4.3606    0.24    0.24    0.24
345    5.0711    0.41    -2.5472    0.3920    -4.3674    0.24    0.24    0.24
346    5.0121    0.41    -2.4860    0.4631    -4.3274    0.24    0.24    0.24
347    5.0644    0.41    -2.4576    0.4536    -4.4048    0.24    0.24    0.24
348    5.1434    0.41    -2.5137    0.5742    -4.4504    0.24    0.23    0.24
349    5.0520    0.41    -2.5542    0.5910    -4.3185    0.24    0.23    0.24
350    5.0878    0.41    -2.5743    0.5799    -4.3500    0.24    0.23    0.24
351    4.9813    0.41    -2.6386    0.6050    -4.1815    0.24    0.23    0.24
352    5.2122    0.40    -2.7170    0.5624    -4.4123    0.24    0.23    0.23
353    5.3198    0.40    -2.7555    0.5874    -4.5124    0.24    0.23    0.23
354    5.3501    0.40    -2.7581    0.6488    -4.5382    0.24    0.23    0.23
355    5.3231    0.40    -2.7976    0.6310    -4.4845    0.24    0.23    0.23
356    4.9122    0.40    -2.8447    0.6559    -3.9506    0.23    0.23    0.22
357    4.9437    0.40    -2.8382    0.6269    -3.9990    0.23    0.23    0.22
358    4.9515    0.40    -2.8196    0.6610    -4.0163    0.23    0.23    0.22
359    4.6923    0.39    -2.4938    0.4022    -3.9543    0.23    0.23    0.22
360    4.7880    0.39    -2.4347    0.4677    -4.0962    0.23    0.23    0.22
361    4.7393    0.39    -2.2272    0.3740    -4.1666    0.23    0.23    0.22
362    4.7323    0.39    -2.2468    0.3370    -4.1513    0.23    0.23    0.22
363    4.7008    0.39    -2.2314    0.3261    -4.1246    0.23    0.23    0.22
364    4.6875    0.39    -2.2364    0.4303    -4.0970    0.23    0.23    0.22
365    4.6595    0.37    -2.1059    0.6693    -4.1022    0.22    0.22    0.21
366    4.7031    0.37    -2.1102    0.6298    -4.1557    0.22    0.22    0.21
367    4.7489    0.37    -2.0817    0.6182    -4.2234    0.22    0.21    0.21
368    4.7731    0.37    -2.0411    0.5663    -4.2773    0.22    0.21    0.21
369    4.7731    0.37    -2.0667    0.5537    -4.2666    0.22    0.21    0.21
370    4.7950    0.37    -2.0991    0.5987    -4.2693    0.22    0.21    0.21
371    4.8016    0.37    -2.1162    0.6155    -4.2660    0.22    0.21    0.21
372    4.8117    0.37    -2.1294    0.6146    -4.2709    0.22    0.21    0.21
373    4.8248    0.37    -2.1516    0.5960    -4.2771    0.22    0.21    0.21
374    4.8359    0.37    -2.1144    0.4631    -4.3244    0.22    0.21    0.21
375    4.9388    0.37    -2.1117    0.5211    -4.4341    0.22    0.21    0.21
376    4.9167    0.37    -2.0926    0.4989    -4.4210    0.22    0.21    0.21
377    5.0455    0.37    -2.1349    0.4389    -4.5505    0.22    0.21    0.21
378    5.0005    0.37    -2.1273    0.4976    -4.4980    0.22    0.21    0.21
379    5.0019    0.37    -2.1438    0.4960    -4.4919    0.22    0.21    0.21
380    4.9830    0.37    -2.1452    0.5276    -4.4666    0.22    0.21    0.21
381    5.0338    0.37    -2.0120    0.5210    -4.5847    0.21    0.21    0.21
382    4.8896    0.37    -2.0762    0.4617    -4.4027    0.21    0.21    0.21
383    4.8347    0.37    -2.0703    0.4891    -4.3415    0.21    0.21    0.21
384    4.9939    0.35    -2.1392    0.4592    -4.4891    0.21    0.21    0.19
385    5.0015    0.35    -2.1235    0.5017    -4.5005    0.21    0.21    0.19
386    4.9521    0.35    -2.1465    0.4466    -4.4403    0.21    0.21    0.19
387    5.0309    0.35    -2.1880    0.5726    -4.4939    0.21    0.21    0.19
388    5.0652    0.35    -2.1713    0.5618    -4.5416    0.21    0.21    0.19
389    5.1002    0.35    -2.1701    0.5398    -4.5838    0.21    0.21    0.19
390    5.0626    0.35    -2.1812    0.5327    -4.5375    0.21    0.21    0.19
391    5.0773    0.35    -2.1557    0.5631    -4.5623    0.21    0.21    0.19
392    5.0388    0.35    -2.2895    0.5729    -4.4519    0.21    0.21    0.19
393    5.0679    0.35    -2.2972    0.5724    -4.4810    0.21    0.21    0.19
394    5.2562    0.35    -2.1811    0.4390    -4.7622    0.21    0.21    0.18
395    5.1741    0.33    -1.7851    0.4896    -4.8316    0.19    0.20    0.17
396    5.1866    0.33    -1.8001    0.4797    -4.8405    0.19    0.20    0.17
397    5.2327    0.33    -1.8321    0.4207    -4.8834    0.19    0.20    0.17
398    5.2570    0.33    -1.7749    0.4956    -4.9235    0.19    0.20    0.17
399    5.2657    0.33    -1.7608    0.4925    -4.9380    0.19    0.20    0.17
400    5.2739    0.33    -1.7526    0.4947    -4.9495    0.19    0.20    0.17
401    4.7753    0.32    -1.4945    0.4940    -4.5085    0.19    0.20    0.17
402    4.8143    0.32    -1.4542    0.5483    -4.5565    0.19    0.20    0.17
403    4.7977    0.32    -1.4908    0.5609    -4.5256    0.19    0.20    0.17
404    4.8436    0.32    -1.8154    0.7423    -4.4287    0.19    0.20    0.17
405    4.9328    0.32    -1.8094    0.7147    -4.5330    0.19    0.19    0.17
406    4.9907    0.32    -1.9396    0.7160    -4.5423    0.19    0.19    0.17
407    4.9451    0.32    -1.8899    0.6750    -4.5196    0.19    0.19    0.17
408    4.7763    0.31    -1.8287    0.5322    -4.3801    0.19    0.19    0.17
409    4.8038    0.31    -1.8098    0.5442    -4.4164    0.19    0.19    0.17
410    4.8840    0.31    -1.8224    0.5637    -4.4960    0.19    0.19    0.16
411    5.0539    0.30    -1.8201    0.6646    -4.6677    0.18    0.19    0.15
412    5.0684    0.30    -1.8051    0.6464    -4.6917    0.18    0.19    0.15
413    5.0719    0.30    -1.8538    0.7033    -4.6683    0.18    0.19    0.15
414    4.8828    0.30    -1.9489    0.4922    -4.4499    0.18    0.19    0.15
415    4.8582    0.30    -1.9428    0.4833    -4.4265    0.18    0.19    0.15
416    4.9478    0.30    -1.9881    0.6498    -4.4840    0.18    0.19    0.15
417    4.9229    0.30    -1.9786    0.6898    -4.4547    0.18    0.19    0.15
418    5.0054    0.30    -2.0081    0.6812    -4.5340    0.18    0.19    0.15
419    5.0125    0.30    -2.0253    0.6751    -4.5352    0.18    0.19    0.15
420    5.0103    0.30    -2.0240    0.7021    -4.5292    0.18    0.19    0.15
421    5.0692    0.30    -2.2163    0.6636    -4.5105    0.18    0.19    0.15
422    5.1428    0.30    -2.2827    0.4913    -4.5822    0.18    0.18    0.15
423    5.1451    0.30    -2.2621    0.4954    -4.5945    0.18    0.18    0.15
424    5.0767    0.30    -2.2595    0.5731    -4.5099    0.18    0.18    0.15
425    5.0045    0.30    -2.1846    0.7725    -4.4357    0.18    0.18    0.15
426    5.0305    0.29    -2.1602    0.7603    -4.4790    0.18    0.18    0.15
427    5.0500    0.29    -2.1426    0.7481    -4.5114    0.18    0.18    0.15
428    5.0868    0.29    -2.1462    0.7179    -4.5557    0.18    0.18    0.15
429    5.1033    0.29    -2.1056    0.7313    -4.5907    0.18    0.18    0.15
430    4.9804    0.29    -2.0722    0.5294    -4.4977    0.18    0.18    0.15
431    5.3313    0.29    -1.8634    0.5054    -4.9694    0.18    0.18    0.14
432    5.4504    0.29    -1.7159    0.4675    -5.1521    0.18    0.18    0.14
433    5.6240    0.29    -1.6398    0.3435    -5.3686    0.18    0.18    0.14
434    5.6054    0.29    -1.6312    0.3658    -5.3503    0.18    0.18    0.14
435    5.5742    0.29    -1.6273    0.4108    -5.3155    0.18    0.18    0.14
436    5.5332    0.29    -1.6655    0.4089    -5.2607    0.18    0.18    0.14
437    5.5106    0.29    -1.6979    0.3870    -5.2283    0.18    0.18    0.14
438    5.4803    0.29    -1.6972    0.4246    -5.1935    0.18    0.18    0.14
439    5.4588    0.29    -1.6939    0.5357    -5.1616    0.18    0.18    0.14
440    5.3700    0.29    -1.6787    0.6108    -5.0642    0.18    0.18    0.14
441    5.2600    0.29    -1.5621    0.7052    -4.9729    0.17    0.18    0.14
442    5.2942    0.29    -1.5634    0.5625    -5.0267    0.17    0.18    0.14
443    5.1917    0.29    -1.4414    0.6095    -4.9502    0.17    0.18    0.14
444    5.2416    0.29    -1.5103    0.5872    -4.9848    0.17    0.18    0.14
445    5.1134    0.28    -0.8826    0.7474    -4.9809    0.17    0.18    0.14
446    5.1233    0.28    -0.8620    0.7786    -4.9899    0.17    0.18    0.14
447    5.1974    0.28    -0.9138    0.3473    -5.1047    0.17    0.18    0.14
448    5.1952    0.28    -0.9199    0.3972    -5.0976    0.17    0.18    0.14
449    5.2538    0.28    -1.0363    0.2755    -5.1432    0.17    0.18    0.14
450    5.0908    0.28    -1.0242    0.4536    -4.9660    0.17    0.18    0.14
451    4.9661    0.28    -1.0305    0.5481    -4.8270    0.17    0.18    0.14
452    5.0516    0.28    -1.0143    0.5762    -4.9151    0.17    0.18    0.14
453    5.0679    0.28    -1.0221    0.5524    -4.9329    0.17    0.18    0.14
454    5.2275    0.28    -1.1418    0.6391    -5.0611    0.17    0.18    0.14
455    5.3091    0.28    -0.9755    0.7874    -5.1590    0.17    0.17    0.13
456    5.2854    0.28    -0.9985    0.7811    -5.1312    0.17    0.17    0.13
457    5.3195    0.27    -1.1571    1.1293    -5.0678    0.17    0.17    0.13
458    5.3721    0.27    -1.1414    1.0837    -5.1364    0.17    0.17    0.13
459    5.4970    0.27    -1.2115    1.1941    -5.2272    0.17    0.17    0.13
460    5.4880    0.27    -1.2175    1.2244    -5.2092    0.17    0.17    0.13
461    5.4649    0.27    -1.2714    1.3026    -5.1529    0.17    0.17    0.13
462    5.4022    0.27    -1.2139    1.4141    -5.0706    0.17    0.17    0.13
463    5.3486    0.27    -1.2639    1.3171    -5.0274    0.17    0.17    0.13
464    5.3757    0.27    -1.2469    1.3495    -5.0520    0.17    0.17    0.13
465    5.3702    0.27    -1.2438    1.3528    -5.0460    0.17    0.17    0.13
466    5.3375    0.27    -1.2228    1.5149    -4.9698    0.17    0.17    0.13
467    4.9245    0.27    -0.8556    1.4019    -4.6425    0.17    0.17    0.13
468    4.9396    0.27    -0.8617    1.3767    -4.6649    0.17    0.17    0.13
469    4.9577    0.27    -0.9061    1.3393    -4.6866    0.17    0.17    0.13
470    5.1131    0.27    -0.9569    1.5991    -4.7615    0.17    0.17    0.13
471    5.1155    0.27    -0.9850    1.5752    -4.7662    0.17    0.17    0.13
472    5.1150    0.27    -0.9621    1.5546    -4.7772    0.17    0.17    0.13
473    5.0883    0.27    -0.9654    1.4988    -4.7658    0.17    0.17    0.13
474    5.0971    0.27    -0.6754    1.8517    -4.7006    0.16    0.17    0.13
475    5.1159    0.27    -0.6285    1.9735    -4.6779    0.16    0.17    0.13
476    5.3451    0.26    0.0490    2.1383    -4.8985    0.16    0.17    0.12
477    5.3491    0.26    0.0434    2.1466    -4.8993    0.16    0.17    0.12
478    5.3218    0.26    0.0444    2.1919    -4.8492    0.16    0.17    0.12
479    5.2956    0.26    0.0066    2.2429    -4.7971    0.16    0.17    0.12
480    5.2809    0.26    -0.0736    2.3544    -4.7265    0.16    0.17    0.12
481    5.2591    0.26    -0.0738    2.6719    -4.5292    0.16    0.17    0.12
482    5.3112    0.26    -0.1498    2.8327    -4.4903    0.16    0.17    0.12
483    5.3093    0.26    -0.1340    2.9520    -4.4110    0.16    0.17    0.12
484    5.2210    0.26    0.5172    2.8214    -4.3625    0.16    0.17    0.12
485    5.1676    0.26    0.4603    2.7744    -4.3353    0.16    0.17    0.12
486    5.2078    0.26    0.4799    2.8097    -4.3585    0.16    0.17    0.12
487    5.1945    0.26    -0.3668    2.8908    -4.3002    0.16    0.17    0.12
488    5.4060    0.26    -0.3839    3.4386    -4.1537    0.16    0.17    0.11
489    6.2269    0.25    -0.7049    4.2286    -4.5162    0.15    0.17    0.11
490    6.2861    0.25    -0.4565    4.0417    -4.7928    0.15    0.17    0.11
491    6.2898    0.25    -0.5050    4.0505    -4.7853    0.15    0.17    0.11
492    6.4239    0.25    -0.6206    4.2911    -4.7401    0.15    0.17    0.11
493    6.4504    0.25    -0.6247    4.3649    -4.7079    0.15    0.16    0.11
494    6.5471    0.25    -0.6618    4.5654    -4.6458    0.15    0.16    0.11
495    6.8022    0.25    -0.7722    4.8545    -4.7019    0.15    0.16    0.11
496    7.1339    0.25    -1.1259    5.2719    -4.6725    0.15    0.16    0.11
497    7.1407    0.25    -1.1074    5.3616    -4.5844    0.15    0.16    0.11
498    7.5569    0.25    -1.4574    5.9644    -4.4055    0.15    0.16    0.11
499    7.5569    0.25    -1.4574    5.9644    -4.4055    0.15    0.16    0.11
