1637+826      0.4301        5.3680     -0.1808     -0.3902      4.0071      3.5719    248.1332     82.5379
1726+455      1.3607        1.9636      1.0586      0.8548      1.2099      1.5466    261.8652     45.5110
1849+670      1.7216        2.7782      1.6288      0.5576      1.9232      2.0049    282.3170     67.0949
2131-021      1.9875        9.5711      0.1957      1.9778      3.6755      8.8372    323.5430     -1.8881
1823+568      2.0613        3.2542     -1.9515     -0.6639      2.0495      2.5278    276.0295     56.8504
0749+540      2.1966        1.4727      1.8797      1.1365      0.9436      1.1307    118.2558     53.8832
1803+784      3.0382        0.7375     -3.0331     -0.1747      0.4995      0.5425    270.1903     78.4678
0735+178      3.1172        6.0693     -2.6877      1.5790      3.2619      5.1183    114.5308     17.7053
0148+274      3.1617       20.6283     -1.9126     -2.5176     11.6874     16.9980     27.8631     27.7449
2037+511      3.1979        1.3034     -2.9761     -1.1701      0.7978      1.0307    309.6543     51.3202
1638+398      3.4032        1.3008      2.6195     -2.1726      0.7667      1.0508    250.1235     39.7795
0954+658      3.4582        2.7806      1.5024     -3.1148      1.8509      2.0750    149.6969     65.5652
1622-253      3.5802        2.0837      1.2682     -3.3481      1.0453      1.8025    246.4454    -25.4606
0836+710      3.6968       11.0050     -1.4398     -3.4050      7.8045      7.7589    130.3515     70.8950
0059+581      3.7211        0.7953     -1.7652     -3.2757      0.4989      0.6193     15.6907     58.4031
1418+546      4.0359        2.1294      3.7519      1.4872      1.3830      1.6192    214.9442     54.3874
0111+021      4.2432        3.4651      3.3136     -2.6505      1.9118      2.8900     18.4298      2.3715
0552+398      4.3520        0.6889      4.1991     -1.1437      0.4049      0.5573     88.8784     39.8137
1424-418      4.4255        2.5754     -2.2516     -3.8098      1.4397      2.1354    216.9846    -42.1054
1738+499      4.5227        9.2022      3.8736     -2.3345      5.3127      7.5137    264.8641     49.9176
1730-130      4.6195        1.9907      3.4061      3.1206      1.0704      1.6783    263.2613    -13.0804
0955+476      4.6472        0.8927      4.1104     -2.1682      0.5585      0.6964    149.5820     47.4188
1357+769      4.8693        1.0973      4.1988     -2.4657      0.7514      0.7997    209.4807     76.7225
1417+385      4.8973        2.5837      2.8210      4.0031      1.4697      2.1250    214.9442     38.3635
2150+173      4.9680        9.4006     -1.3214      4.7890      4.8953      8.0254    328.1034     17.5772
1128+385      5.5980        1.5088      3.7765      4.1322      0.8454      1.2498    172.7220     38.2552
0851+202      5.6848        0.7916      5.6742      0.3475      0.3780      0.6956    133.7036     20.1085
1958-179      5.6976        2.1292      3.5671     -4.4428      1.0587      1.8473    300.2379    -17.8160
0300+470      5.8571        2.2559     -2.7435      5.1748      1.4225      1.7509     45.8968     47.2712
1508+572      5.9041        7.1687     -5.4516      2.2669      4.8120      5.3137    227.5122     57.0454
0405-123      6.0374       22.2795      3.1971     -5.1214      9.4499     20.1761     61.9518    -12.1935
0133+476      6.0846        1.2211      6.0249      0.8503      0.7107      0.9930     24.2441     47.8581
0201+113      6.0909        3.0102      5.2391     -3.1066      1.4345      2.6464     30.9444     11.5793
1749+096      6.1188        1.0685      4.7549     -3.8512      0.5078      0.9402    267.8867      9.6502
0202+319      6.3060        4.4916      2.8116      5.6445      2.4485      3.7656     31.2705     32.2084
1925-610      6.5935       28.4693      2.5273     -6.0899     15.2575     24.0356    292.5257    -60.9359
0812+367      6.7370        8.7037      2.6032     -6.2137      4.9442      7.1630    123.8581     36.5875
2136+141      6.7776        3.1572      6.4013      2.2270      1.4707      2.7937    324.7555     14.3933
0656+082      6.8025        7.1373     -0.8962      6.7432      2.9165      6.5143    104.8250      8.2253
1754+155      6.8771       18.1211     -3.1114      6.1330      9.8399     15.2168    269.2213     15.5891
1830+285      7.2003       16.8165      1.8134      6.9682      8.7146     14.3822    278.2091     28.5600
1652+398      7.3218        4.2416      5.2320     -5.1221      2.4892      3.4344    253.4676     39.7602
1252+119      7.4487        9.2156      3.5646     -6.5404      4.8624      7.8285    193.6594     11.6850
0804+499      7.9843        1.7844      7.6083      2.4212      1.1237      1.3862    122.1653     49.8435
1732+389      8.1985        6.6122      7.4977     -3.3165      3.5703      5.5654    263.5857     38.9643
1633+382      8.2078        3.4573      7.7007     -2.8401      1.7783      2.9649    248.8146     38.1346
1147+245      8.2322        7.2223      3.2933      7.5448      4.3109      5.7946    177.5801     24.2983
0454-810      8.4021        8.8841     -6.8962      4.7998      6.1214      6.4387     72.5227    -81.0173
1807+698      8.6225        1.3105      8.6040     -0.5650      0.9142      0.9389    271.7112     69.8245
0707+476      8.6548        8.2237      7.9054      3.5227      5.4347      6.1719    107.6921     47.5364
1637+574      8.6800        3.2043      6.2097     -6.0649      1.9247      2.5618    249.5561     57.3400
0805+410      8.9664        2.5588      3.5783      8.2214      1.4934      2.0778    122.2361     40.8791
1257+145      9.0795       34.8478     -1.5093      8.9532     20.5814     28.1207    195.0872     14.2885
1101+384      9.1644        3.3597      8.6549     -3.0132      1.9575      2.7305    166.1138     38.2088
1156+295      9.2460        1.5564      8.7106      3.1004      0.8337      1.3142    179.8826     29.2455
0718+792      9.5605        1.7947     -9.3320     -2.0780      1.3447      1.1885    111.5489     79.1919
1555+001      9.7673        6.1351      6.9572     -6.8555      3.1676      5.2542    239.4643     -0.0307
0537-441      9.7883        2.1488      6.3394     -7.4580      1.2263      1.7646     84.7098    -44.0858
0507+179      9.8170        8.5464     -4.5592     -8.6940      4.6411      7.1764     77.5099     18.0116
0458-020      9.8181        1.4580     -4.7074     -8.6160      0.7448      1.2534     75.3034     -1.9873
1308+328      9.9257        4.3135      9.6795      2.1968      2.4584      3.5444    197.7475     32.5596
0823+033     10.2588        2.2869      6.9073      7.5850      0.8749      2.1130    126.4597      3.1568
0016+731     10.4440        1.3427     -8.9520      5.3796      0.9432      0.9557      4.9408     73.4583
0003-066     10.4774        2.5638      5.5088      8.9123      1.2077      2.2615      1.5579     -6.3931
1606+106     10.4848        1.6336      9.1844      5.0575      0.7575      1.4474    242.1925     10.4855
0743-673     10.6930       24.9848     -3.8541      9.9743     16.6583     18.6210    115.8817    -67.4404
0229+131     10.7946        1.1417     10.7944     -0.0525      0.5787      0.9842     37.9412     13.3819
0221+067     10.9962       10.1871      9.0480     -6.2491      4.9666      8.8944     36.1185      6.9898
0336-019     11.0148        1.5647      5.1154     -9.7549      0.7858      1.3531     54.8789     -1.7766
1228+126     11.0392        1.7344      7.3328     -8.2519      0.9302      1.4639    187.7059     12.3911
0234+285     11.1469        1.8686      1.0112     11.1009      0.9568      1.6051     39.4684     28.8025
1219+044     11.3228        2.8719     10.2685     -4.7712      1.1587      2.6278    185.5940      4.2210
0434-188     11.5469       12.4073     -0.1713     11.5456      5.3360     11.2013     69.2562    -18.7468
0306+102     11.6470        8.7343      2.4215    -11.3925      4.4625      7.5083     47.2651     10.4879
1616+063     11.6870       14.8503    -10.6936     -4.7152      7.1916     12.9928    244.7654      6.2173
1053+815     11.7914        2.5048    -11.7290      1.2110      1.7596      1.7827    164.5481     81.2424
2230+114     11.8153        5.1367      1.0568     11.7679      2.3463      4.5695    338.1517     11.7308
0657+172     11.9143        1.0146      2.9573    -11.5414      0.6678      0.7639    105.0064     17.1560
0920+390     12.4009        5.2448     11.2475      5.2228      3.0619      4.2583    140.8102     38.8278
0646-306     12.6984       13.0028     -1.5193    -12.6072      6.0241     11.5231    102.0587    -30.7388
1042+071     12.7288       20.0121     -4.6939    -11.8317      9.8918     17.3965    161.2330      6.9273
1055+018     12.9319        4.1354     -0.6278    -12.9166      1.7393      3.7519    164.6234      1.5663
1313-333     12.9632        6.6801     10.5600     -7.5187      3.5149      5.6806    199.0333    -33.6498
1921-293     13.0123        1.8231     -5.4910    -11.7970      0.9352      1.5649    291.2127    -29.2417
1040+244     13.4772       11.8320     -1.6047    -13.3814      6.4445      9.9229    160.7876     24.1432
0636+680     13.5022        8.1565    -10.1025      8.9582      5.7276      5.8072    100.5177     67.9766
1324+224     13.7084        4.9666    -13.0944      4.0566      2.3507      4.3750    201.7536     22.1806
1221+809     14.3017        6.2121      3.3312     13.9083      4.3780      4.4072    185.9187     80.6679
1923+210     14.3758        3.1800     10.5853      9.7271      1.7976      2.6232    291.4984     21.1073
0333+321     14.4387        8.4657     14.3920     -1.1605      4.6338      7.0849     54.1254     32.3082
2353-686     14.7936       20.3398    -10.9425     -9.9555     12.5875     15.9770    359.0028    -68.3343
1717+178     14.9305        8.0242     10.9297    -10.1717      4.0553      6.9241    259.8044     17.7518
0729+259     15.0023       17.9095    -12.3924     -8.4555      9.3107     15.2991    113.2345     25.8108
1657-562     15.1080       44.7951      8.8832    -12.2204     20.4490     39.8552    255.4369    -56.3655
0119+041     15.2075        2.9190    -13.6694      6.6645      1.3463      2.5900     20.4869      4.3735
2320+506     15.5479       15.3633     15.1822     -3.3527      9.2595     12.2594    350.6083     50.9644
2059+034     15.6793        6.6988      1.7213     15.5845      3.0998      5.9385    315.4118      3.6920
1511-100     15.7576       11.7123     -2.9052    -15.4875      5.6684     10.2493    228.4371    -10.2001
0355+508     15.9695        3.5367      5.9770     14.8088      2.4904      2.5112     59.8739     50.9639
0048-097     16.1959        2.3012     -1.6867    -16.1079      1.0966      2.0231     12.6722     -9.4848
0426+273     16.2027        9.0251      6.9757     14.6242      4.8284      7.6249     67.4707     27.4105
2335-027     16.4029        9.4312     12.5236    -10.5930      4.7859      8.1266    354.4889     -2.5160
2008-159     16.4233        5.8281      0.0542     16.4232      2.7426      5.1424    302.8155    -15.7778
1030+074     16.4267       12.5134     13.1115     -9.8958      6.9628     10.3974    158.3918      7.1906
0013-005     16.6649       10.8883      5.3327    -15.7886      5.1474      9.5948      4.0462     -0.2535
2007+777     16.7681        4.7255    -14.7606     -7.9558      3.2372      3.4426    301.3792     77.8787
0440+345     16.9430        6.2054     10.7388     13.1050      3.4180      5.1792     70.8818     34.6852
0716+714     16.9730        3.5726     16.5207      3.8922      2.4013      2.6453    110.4727     71.3434
0110+495     16.9762       11.3953    -13.5135     10.2750      6.4991      9.3603     18.3625     49.8067
0529+483     17.0458        7.0987     -3.7913     16.6188      4.2501      5.6858     83.3161     48.3813
0536+145     17.1239        8.0805     14.9568      8.3380      3.3585      7.3495     84.9265     14.5627
1920-211     17.6383        7.0723      1.9503     17.5301      3.5437      6.1204    290.8841    -21.0759
1908-201     17.6692        4.2126      5.2861    -16.8600      1.9160      3.7517    287.7902    -20.1153
1746+470     17.6948       10.6370     -8.1724     15.6946      5.8703      8.8704    266.8610     46.9808
0602+673     17.7233        2.2238      0.8776     17.7016      1.4444      1.6908     91.9695     67.3487
1510-089     17.8767        4.3402     -5.1652    -17.1143      1.6451      4.0164    228.2106     -9.1000
0745+241     18.2893        5.6791     13.7063     12.1094      3.1587      4.7196    117.1505     24.0067
1243-072     18.3711        7.6566     13.0200    -12.9607      3.6816      6.7133    191.5176     -7.5129
0414-189     18.4400       12.8960      1.4352    -18.3841      7.0693     10.7857     64.1523    -18.8523
0252-549     18.6655       41.6072     -7.4740     17.1038     17.6611     37.6728     43.3716    -54.6976
1015+057     18.6795       21.1693     11.3570    -14.8305     11.4294     17.8187    154.6160      5.5083
1004-500     18.9137       31.6274     18.2628     -4.9194     15.2512     27.7073    151.5584    -50.3037
0714+457     18.9219       16.6658     16.6588     -8.9734     10.3316     13.0769    109.4661     45.6342
0748+126     19.2936        3.6694     11.1531    -15.7433      1.7958      3.1999    117.7169     12.5180
0919-260     19.3065        4.4060      5.4524    -18.5206      2.6669      3.5072    140.3723    -26.3121
2319+272     19.3630       14.2082     16.9265     -9.4031      6.9171     12.4107    350.4994     27.5462
2149+056     19.3680        7.4957     -0.8127     19.3509      3.2595      6.7499    327.9078      5.8703
2356+385     19.3729        3.0160      5.6851    -18.5199      1.7085      2.4855    359.8883     38.8451
2128-123     19.3757        4.8273     -3.7701    -19.0054      2.0775      4.3574    322.8969    -12.1180
0035+413     19.6247       13.0499    -16.6722     10.3521      8.9205      9.5249      9.6035     41.6183
0736+017     19.7244        6.0118     13.7893    -14.1034      3.2086      5.0839    114.8251      1.6179
1502+036     19.7684        7.5110      0.9966    -19.7433      3.7609      6.5015    226.2770      3.4419
2021+317     19.8579       14.4100     19.5126      3.6873      7.0886     12.5459    305.8292     31.8840
1116-462     20.1227       75.7103     13.1177     15.2593     36.4075     66.3819    169.6123    -46.5708
2329-162     20.2808       27.3005    -17.8958      9.5420     11.1639     24.9135    352.9111    -15.9492
1546+027     20.2879        5.7970     17.6276     10.0434      2.5820      5.1903    237.3727      2.6170
1300+580     20.3262        1.6114     10.9301     17.1373      1.0241      1.2441    195.7186     57.8104
0727-115     20.6031        1.0038      7.5882    -19.1548      0.4793      0.8820    112.5796    -11.6868
0917+624     20.8617        7.2663     20.2466      5.0285      4.9439      5.3252    140.4010     62.2645
2255-282     20.9983        2.2042     -2.0586    -20.8972      1.0818      1.9205    344.5248    -27.9726
1039+811     21.0336        4.0167    -15.7887     13.8971      2.7069      2.9677    161.0961     80.9110
1758+388     21.1377        4.9407     -1.7076    -21.0686      2.7928      4.0756    270.1032     38.8085
0524-485     21.4718       68.4305     11.6790     18.0177     27.7199     62.5647     81.5695    -48.5102
0850+581     21.4798       17.3425      3.7779     21.1450     10.8035     13.5663    133.6750     57.9583
1334-127     21.5634        1.4376      4.5280    -21.0827      0.6811      1.2660    204.4158    -12.9569
2223-052     21.6082        2.1266      5.3613     20.9326      1.0793      1.8323    336.4469     -4.9504
1354-152     21.8900        8.9429     14.6601    -16.2559      4.2467      7.8703    209.2969    -15.4580
1240+381     21.9453       13.4767    -17.4620    -13.2920      8.7026     10.2902    190.7140     37.8500
2113+293     21.9682        2.5387      7.3388    -20.7062      1.2619      2.2028    318.8726     29.5607
1459+480     22.0771        8.5853      6.4089     21.1264      5.1086      6.8999    225.2027     47.8543
0238-084     22.0888        7.1566    -13.4804    -17.4984      3.5350      6.2226     40.2700     -8.2558
2243-123     22.0888        3.9184     12.9851    -17.8691      1.6845      3.5379    341.5760    -12.1142
1657-261     22.1497        5.7957     14.4497     16.7874      2.6310      5.1641    255.2215    -26.1810
1520+319     22.5672       12.6233    -20.5917     -9.2336      7.0666     10.4599    230.5416     31.7373
1656-075     22.6155       27.1598     14.7045    -17.1826     14.1601     23.1763    254.6836     -7.6549
0123+257     22.6551       17.9797    -20.6855     -9.2393     10.2402     14.7786     21.6783     25.9837
0544+273     22.7780        5.7101     16.9841     15.1781      3.1153      4.7854     86.8923     27.3658
0917+449     23.0171       11.5242      5.5073     22.3485      6.3284      9.6311    140.2436     44.6983
1127-145     23.3145       43.0120     17.3315     15.5944     19.3103     38.4336    172.5294    -14.8243
1244-255     23.4987        6.3802    -23.4883     -0.7001      3.6209      5.2533    191.6950    -25.7970
1639+230     23.5594        7.5238     20.8039     11.0564      3.8345      6.4733    250.3551     22.9511
0738+491     23.5988        8.7124     -2.2381     23.4925      4.9256      7.1864    115.5115     49.0043
1745+624     23.6514        2.8514     20.5508    -11.7070      1.8508      2.1691    266.5585     62.4485
0239+108     23.6655       11.6132    -18.9790     14.1370      4.7263     10.6080     40.6215     11.0169
0400-319     24.1094       19.7606    -16.4578     17.6184     10.2406     16.9000     60.5886    -31.7905
1150+497     24.1500       17.7478     16.2891     17.8295     11.2717     13.7088    178.3519     49.5191
1706-174     24.2603       12.1258    -15.3056    -18.8229      5.8806     10.6044    257.3931    -17.4815
1741-038     24.3670        0.9526      3.0435    -24.1762      0.4372      0.8464    265.9952     -3.8346
1642+690     24.4531        3.3652      7.7029    -23.2082      2.2234      2.5261    250.5327     68.9444
2244-372     24.4559       36.1826     -6.5831    -23.5533     19.6352     30.3915    341.7663    -36.9629
0149+218     24.6383        9.0643     15.1232    -19.4508      4.9546      7.5903     28.0752     22.1188
0405-385     25.1650        8.5872     11.2857     22.4924      4.2796      7.4448     61.7460    -38.4411
0422+004     25.2929       11.1596     13.8602     21.1571      5.0041      9.9747     66.1952      0.6018
1445-161     25.4596       56.1528     24.6878      6.2215     31.7727     46.2994    222.0627    -16.3402
1604-333     25.5646       35.9591     -5.1964    -25.0309     21.0608     29.1462    241.8948    -33.5191
1216+487     25.6851       13.2141     24.4305     -7.9294      8.9770      9.6967    184.7767     48.4989
1514+197     25.6935        9.7015     23.1002     11.2488      4.3590      8.6671    229.2367     19.5369
1532+016     25.7624       30.5120     14.7411    -21.1283     13.5395     27.3434    233.7186      1.5178
0322+222     26.0644        5.2059     21.0645     15.3504      2.7398      4.4267     51.4034     22.4001
0215+015     26.3331        7.9961      6.3083     25.5663      3.2600      7.3014     34.4540      1.7471
2141+175     26.4606       10.8487      4.8860     26.0056      6.3329      8.8085    325.8981     17.7302
0827+243     26.8581        3.8687     11.3347    -24.3492      2.1772      3.1979    127.7170     24.1833
1236+077     26.9621        8.3318     10.3999    -24.8756      4.5360      6.9888    189.8525      7.5048
2200+420     27.3717        2.4011    -23.0599    -14.7463      1.2881      2.0263    330.6804     42.2778
1806-458     27.4278       48.3067     23.5296     14.0941     24.4310     41.6734    272.4911    -45.8781
0420-014     27.5406        1.4864     -2.1187    -27.4590      0.6020      1.3590     65.8158     -1.3425
1308+554     27.7609       28.0537     19.7696    -19.4893     18.3617     21.2099    197.7634     55.2318
0151+474     29.3945        9.1124     -3.0407     29.2368      5.5993      7.1892     28.7345     47.7240
0159+723     30.0524        8.6283    -29.7700      4.1099      6.0503      6.1515     30.8891     72.5482
0202-172     30.2629       11.1503    -19.7755    -22.9080      5.2194      9.8533     31.2403    -17.0222
0403-132     30.6329       11.8472     20.6318     22.6429      5.5728     10.4547     61.3917    -13.1371
1104-445     30.9194        4.5196    -30.1841      6.7032      2.7111      3.6162    166.7862    -44.8188
1325-558     31.0232       49.1798     30.1337      7.3758     25.2125     42.2254    202.2548    -56.1341
2252-090     31.4500       40.2038     12.5222     28.8495     17.4148     36.2363    343.7677     -8.7345
1352-104     31.4517       14.5624      8.2199    -30.3586      6.1439     13.2029    208.6938    -10.6841
1903-802     31.5213       27.5668     10.9585    -29.5551     19.8161     19.1638    288.1667    -80.1683
1502+106     31.5819        3.4775     27.6270     15.3024      1.6124      3.0811    226.1041     10.4942
0605-085     31.6123       17.4013     15.2385    -27.6971      7.0406     15.9133     91.9987     -8.5805
2216-038     31.7107        5.1934     -1.7624    -31.6617      1.8702      4.8450    334.7168     -3.5936
2209+236     31.7315        3.1957     30.4019      9.0888      1.7084      2.7008    333.0249     23.9279
0834-201     31.8620       14.1431      5.8300    -31.3241      6.8264     12.3866    129.1634    -20.2832
1116+128     31.9794       25.8282     -9.6494     30.4889      9.5859     23.9835    169.7388     12.5783
1928+738     32.2273        5.8602    -30.1467     11.3921      3.8987      4.3752    291.9521     73.9671
0134+311     32.2565       12.5085    -25.2943    -20.0171      7.2391     10.2009     24.2864     31.3766
1738+476     32.4425        8.9383     22.9186     22.9620      4.8709      7.4946    264.9880     47.6329
0454-234     32.6484        1.3556      0.3297    -32.6467      0.6976      1.1623     74.2632    -23.4145
0743+259     32.8014        5.3490     17.5893    -27.6865      2.6764      4.6313    116.6078     25.8173
0818-128     32.9335       27.0161    -24.9093     21.5439     18.5346     19.6554    125.2394    -12.9831
0039+230     32.9972       19.5539     32.6147      5.0098      9.8188     16.9099     10.5189     23.3336
2309+454     33.0150       13.9371      3.9498     32.7779      7.8779     11.4970    347.9475     45.7322
0600+177     33.2467       13.3698     -4.8834     32.8861      6.6715     11.5862     90.7880     17.7047
0951+693     33.7090       18.7193     29.4811    -16.3451     14.0486     12.3714    148.8882     69.0653
0642+449     33.7787        1.2323     33.0972      6.7511      0.7561      0.9730    101.6334     44.8546
1601+112     34.3046       28.0322    -20.3260     27.6344     12.6355     25.0229    240.9247     11.0969
0549-575     34.5572       50.6047      9.7536     33.1522     22.7236     45.2159     87.5399    -57.5401
2030+547     34.9431       28.1015    -23.8225     25.5638     15.6866     23.3157    307.9498     54.9175
1624-617     35.5144       29.7892     13.4908    -32.8523     18.1987     23.5840    247.2279    -61.8768
1130+009     35.5702       15.3511      9.4919    -34.2804      6.9352     13.6952    173.3336      0.6813
0400+258     35.7615       13.2286     34.9415      7.6144      5.9948     11.7923     60.7733     26.0004
1022+194     35.8012        9.2933      7.6571     34.9727      4.6161      8.0658    156.1867     19.2057
1937-101     35.9285       28.0018     34.2135    -10.9680     11.2316     25.6506    294.9886    -10.0449
2106-413     36.2954       21.3755     34.8569    -10.1167      9.0290     19.3749    317.3883    -41.1724
0138-097     36.3680       16.1350     30.7114     19.4794      8.2304     13.8780     25.3576     -9.4788
2005-489     36.6409       40.1690      2.8005    -36.5338     26.0393     30.5860    302.3558    -48.8316
1215+303     36.6512       11.8484      1.1967     36.6316      6.5490      9.8740    184.4670     30.1168
2144+092     36.7466        9.7083     -3.5519    -36.5746      4.6587      8.5175    326.7923      9.4963
1725+044     36.9538       21.4471     -8.0470     36.0670      9.5366     19.2102    262.1040      4.4514
0256+075     37.0551       20.0357     -7.1390    -36.3609      8.8453     17.9774     44.8628      7.7943
1659-621     37.4484       29.1826    -19.6799    -31.8603     17.3488     23.4657    255.9023    -62.2111
0002-478     37.6793       33.3185    -32.4414     19.1646     16.5134     28.9384      1.1486    -47.6054
1351-018     37.9488        3.4460     20.7318     31.7853      1.3080      3.1881    208.5287     -2.1009
1144-379     38.1334        2.4861     -7.8368    -37.3195      1.3269      2.1024    176.7557    -38.2031
1034-293     38.3630        2.5377     17.8688    -33.9474      1.4158      2.1061    159.3170    -29.5674
1032-199     38.4844       14.0804     36.7299     11.4876      6.6816     12.3941    158.7590    -20.1929
0539-057     38.7235       35.2266    -21.4336     32.2507     16.0902     31.3372     85.4087     -5.6971
0451-282     38.8408       14.3780     37.5895     -9.7795      7.4200     12.3155     73.3110    -28.1270
1600+335     39.8931       13.0045      0.3378     39.8917      6.2945     11.3797    240.5303     33.4481
0054+161     40.2182       22.9213     23.6063     32.5615     12.7889     19.0218     14.2304     16.4204
1443-162     40.3178       28.3626     32.9208    -23.2755     14.7021     24.2546    221.4724    -16.4838
0814+425     40.3977        3.3960    -39.5637      8.1663      2.1437      2.6338    124.5667     42.3793
2243+047     40.5450       29.9957    -13.6899    -38.1639     11.7576     27.5953    341.4736      5.0158
1243-160     41.6613       20.4697    -21.7410    -35.5386     12.1294     16.4889    191.4739    -16.2794
1045-188     41.9033        9.3825     10.9150    -40.4567      4.3049      8.3367    162.0276    -19.1599
1602-115     42.1326       35.9238     31.0884    -28.4370     14.4274     32.8994    241.3230    -11.6575
0119+115     42.6895        2.2965      8.5696     41.8205      0.9429      2.0940     20.4233     11.8307
2320-035     42.7205       40.7171    -39.8310     15.4444     22.1711     34.1515    350.8831     -3.2847
1514-241     43.0293        7.4440    -43.0287      0.2240      3.2010      6.7206    229.4242    -24.3721
1049+215     43.4014       15.3159     19.3853     38.8316      7.0365     13.6038    162.9533     21.3312
0338-214     43.6817       12.6651     40.7576     15.7134      6.5843     10.8191     55.1484    -21.3253
0319+121     43.7964       14.3566     10.6457    -42.4828      5.8524     13.1096     50.4713     12.3539
0534-611     43.9097       65.7024     18.4865    -39.8285     37.3987     54.0198     83.6491    -61.1020
0912+297     44.7217       19.8314     28.7820    -34.2290      9.8038     17.2386    138.9683     29.5567
2106+143     44.8840        9.6762     41.8903     16.1176      4.7140      8.4503    317.1710     14.5075
1519-273     45.9721        2.5925     14.4153    -43.6536      1.5053      2.1108    230.6570    -27.5030
1504-166     46.0015       16.1014    -18.4957    -42.1194      6.7235     14.6304    226.7699    -16.8751
2052-474     46.8350        5.2281     46.7197      3.2847      3.2345      4.1074    314.0682    -47.2466
0130-171     47.4677       38.8992     -9.4650     46.5145     20.7025     32.9326     23.1812    -16.9135
1213-172     47.5892        8.0984    -43.3664    -19.5980      4.0975      6.9853    183.9448    -17.5293
0524-460     47.6164       61.6386     10.0922     46.5346     29.6894     54.0172     81.3808    -45.9652
0118-272     47.6759       96.0446     21.7422     42.4296     52.1675     80.6419     20.1319    -27.0235
2143-156     48.2505       13.1208     -8.7338    -47.4535      5.5014     11.9117    326.5957    -15.4289
0131-522     49.0120       17.6000    -43.9109     21.7717      8.2842     15.5285     23.2740    -52.0011
2355-106     49.9904        5.0150      6.8011     49.5256      2.5559      4.3148    359.5453    -10.3357
1124-186     50.2485        1.8653     -4.5930    -50.0382      0.9821      1.5859    171.7683    -18.9548
0107-610     50.7536       36.6990    -16.4028    -48.0300     17.5093     32.2527     17.3145    -60.8301
0920-397     52.2668        7.3814    -52.2577      0.9718      2.5761      6.9173    140.6934    -39.9931
0008-264     53.1623       13.5555      6.0627    -52.8155      7.6806     11.1696      2.7552    -26.2093
0637-752     53.2443        2.5912    -37.8834    -37.4139      1.9123      1.7486     98.9438    -75.2713
1622-297     53.8244       10.3553    -28.6468    -45.5679      5.3531      8.8644    246.5251    -29.8575
1057-797     54.5337        2.4226    -11.7458    -53.2537      1.7342      1.6916    164.6805    -80.0650
1349-439     55.3842       24.5217    -12.4223    -53.9731     13.7783     20.2848    208.2356    -44.2112
1725-795     56.0390       48.5624    -23.8668    -50.7025     29.3580     38.6835    263.4196    -79.5988
0925-203     56.7888       12.5793     -8.3052     56.1782      6.6147     10.6997    141.9659    -20.5809
0506-612     57.2194        7.1621    -27.3938     50.2358      4.8946      5.2286     76.6833    -61.1614
2123-463     59.7408       87.4987     17.3135    -57.1770     29.2349     82.4702    321.6279    -46.0966
0826-373     59.8969       14.4307    -52.5553     28.7329      7.7005     12.2044    127.0199    -37.5184
0104-408     59.9874        3.5253     19.7348    -56.6483      1.8732      2.9864     16.6879    -40.5722
0208-512     60.0990        4.9049     35.9850    -48.1349      3.0786      3.8183     32.6925    -51.0172
1143-245     60.9571       35.0375      0.3850     60.9558     14.8633     31.7287    176.5338    -24.7925
1451-375     61.2952        7.7151    -18.0119     58.5890      3.6825      6.7795    223.6142    -37.7925
2127-096     62.5953       21.7625     34.4205     52.2819      9.7471     19.4577    322.5795     -9.4604
0854-108     62.9033       14.7428     26.6406     56.9834      9.0849     11.6110    134.1742    -11.0873
1016-311     62.9459      108.4019     36.1170     51.5534     61.1171     89.5302    154.6198    -31.3983
1255-316     63.1373        4.2294      7.3879    -62.7036      2.1907      3.6178    194.4961    -31.9213
0402-362     63.9984        5.1930    -28.8605    -57.1215      2.5702      4.5123     60.9740    -36.0839
2329-384     64.1885       24.6199     51.4558    -38.3728     12.8783     20.9830    352.9978    -38.1966
2058-297     65.2902       81.6393    -61.0712    -23.0894     35.4585     73.5369    315.2569    -29.5577
0629-418     67.0020       69.8774    -17.0221    -64.8036     24.2483     65.5352     97.8000    -41.9075
0220-349     67.0455       18.1570     63.8581    -20.4267      9.8526     15.2513     35.7350    -34.6913
0537-286     68.2603        8.8226    -68.1007      4.6645      4.6630      7.4897     84.9762    -28.6655
2155-304     68.4333       25.7602     59.4103    -33.9636     12.1581     22.7106    329.7169    -30.2256
0237-233     69.4173       31.5324    -53.4192    -44.3301     15.5057     27.4566     40.0341    -23.1544
2204-540     71.2959       16.3964     18.0347    -68.9772      7.5485     14.5554    331.9322    -53.7761
1556-245     72.9965       77.9246    -67.0440    -28.8718     33.9177     70.1558    239.9225    -24.7108
2333-415     74.7223       72.6435    -45.0868    -59.5870     30.5529     65.9060    354.1416    -41.2561
1639-062     75.9754       10.3193    -35.1803    -67.3395      5.7007      8.6018    250.5091     -6.3566
1511-476     78.5477      154.5983     75.4059     21.9928     62.5255    141.3902    228.6668    -47.8083
1143-696     79.4932       40.2914     75.2913     25.5028     23.4280     32.7800    176.4734    -69.9005
1610-771     80.9139        5.1672     40.7871    -69.8818      3.6141      3.6931    244.4553    -77.2885
2312-319     84.2132       51.4465    -39.8386    -74.1940     25.6243     44.6109    348.7021    -31.6443
1156-663     84.5372       70.5682     72.1713    -44.0209     30.8459     63.4697    179.8263    -66.5943
0150-334     88.0873       78.5381     60.6523    -63.8801     35.5733     70.0198     28.2922    -33.1739
0334-546     89.5474       64.5108     20.8649     87.0827     21.9878     60.6480     53.9747    -54.5070
1954-388     92.6548        2.5624     50.6093    -77.6120      1.3771      2.1610    299.4992    -38.7518
1619-680     93.6622       16.8003    -93.4598     -6.1543     10.2259     13.3297    246.0768    -68.1535
2300-683     93.9364       16.3547     47.9667    -80.7667     10.1103     12.8553    345.9315    -68.1271
0534-340     95.2705       32.4015    -12.4886     94.4484     16.4431     27.9192     84.1185    -34.0199
1012-448     98.8562      177.2602     -6.8596     98.6180     69.1336    163.2230    153.7098    -45.1448
2142-758    105.1499       14.3585     80.0560    -68.1729     10.5703      9.7178    326.8030    -75.6037
0454-463    109.2106       44.0710    -73.1154     81.1240     20.4164     39.0567     73.9616    -46.2663
1022-665    109.4965       48.9246     55.9799     94.1049     17.5703     45.6607    155.9314    -66.7802
0637-337    131.0789       96.8218    113.0146    -66.4032     65.5227     71.2828     99.8371    -33.7667
0308-611    133.8629        4.7030    -26.5411    131.2054      2.8110      3.7704     47.4837    -60.9775
2236-572    140.6453       35.8787     -8.8833   -140.3645     17.5044     31.3190    339.8003    -57.0169
2002-375    141.7831       53.6262     79.2962   -117.5353     20.4367     49.5794    301.4795    -37.3949
0522-611    146.2619       34.6190     10.3208    145.8973     14.0415     31.6435     80.6434    -61.1325
0048-427    146.9912       29.2351     -8.9918    146.7159     13.6043     25.8769     12.7896    -42.4426
0426-380    164.7290       15.4670   -158.3837     45.2798      9.1635     12.4603     67.1684    -37.9388
0438-436    184.8687       21.3950   -184.1058    -16.7771     10.0666     18.8788     70.0716    -43.5524
1412-368    193.0483      123.6972   -149.7642    121.8127     75.8390     97.7212    213.8584    -37.0908
0530-727    201.5831        8.2375   -148.6217    136.1886      5.3420      6.2706     82.3752    -72.7579
2220-351    204.1270      105.5180    -67.8354    192.5259     30.2429    101.0912    335.7747    -34.9298
1034-374    209.2321       52.4449   -120.8126    170.8285     24.6533     46.2891    159.2227    -37.7375
1048-313    216.9928       95.8811     58.1858    209.0461     47.4381     83.3236    162.7699    -31.6373
