0002-478 18 14 0.7744 0.5261 0.7309 0.3801 -47.6054 1.5868 2.4728 1.5318  4
0003+380 14 10 1.1673 0.7368 0.8407 0.7587 38.3375 12.3902 9.6765 12.0862  3
0003-066 27 25 1.5482 0.3226 0.4388 0.0579 -6.3931 0.6519 0.7832 0.1490  2
0007+106 17 14 2.5811 0.3302 1.1096 0.2471 10.9749 0.9204 1.2732 0.9842 10
0007+171 15 11 2.5207 1.3091 1.2555 0.9926 17.4052 0.9899 1.7847 0.8111  4
0008-264 25 21 2.4719 0.7115 3.8356 0.2209 -26.2093 0.7806 3.3515 0.4840  2
0010+405 19 16 2.5561 5.4159 1.7358 3.0051 40.8603 12.2097 3.5753 7.1807  6
0013-005 15 12 4.0462 0.3272 2.4065 0.1883 -0.2535 0.7825 2.1476 0.5623 10
0016+731 27 24 1.4067 0.4548 0.4895 0.1592 73.4583 0.5556 0.7642 0.2483  8
0017+200  6  2 4.6010 0.3459 0.0467 0.2199 20.3627 0.2999 0.0743 0.1649  8
0019+058 18 14 5.6029 0.3464 0.1623 0.1118 6.1345 6.2612 1.5595 2.2662  6
0025+197  9  6 6.6943 0.5581 1.1605 0.4079 20.0074 0.7358 1.7699 0.5536  7
0035+413 16 11 7.1794 0.3401 0.2795 0.2302 41.6183 0.5393 0.4105 0.4562  3
0035-252 10  8 8.6667 0.3948 0.1653 0.1387 -24.9840 2.9090 1.1112 0.7473 10
0039+230 14  8 9.6586 0.6173 0.7114 0.4384 23.3336 0.7036 0.7503 0.4652  2
0046+316 11  9 10.3480 0.2712 0.2050 0.1838 31.9570 0.6452 0.6062 0.4760  4
0047+023 10  8 12.4172 5.0323 1.6997 0.9151 2.6177 16.5302 8.2182 8.7088 12
0047-579 14 10 6.6891 0.7641 1.7614 0.5240 -57.6409 1.0714 1.8029 0.7830  6
0048-097 31 29 12.4989 0.3770 11.5016 0.0945 -9.4848 0.6577 17.9599 0.1710  6
0048-427 14 13 9.4381 0.7259 0.3559 0.3868 -42.4426 1.1912 0.6333 0.7197  1
0054+161 10  6 13.6500 0.2800 0.1464 0.1150 16.4204 0.3533 0.2801 0.0999  8
0055+300  6  4 12.4726 2.0902 0.5603 0.4336 30.3524 0.9490 0.4218 0.4740  4
0055-059  9  7 14.4502 0.7277 0.3537 0.4340 -5.6645 8.0285 1.7990 2.1445 11
0059+581 24 23 8.2210 0.3976 0.0740 0.0649 58.4031 1.6663 0.1301 0.1037  1
0104-408 28 25 12.6759 169.1574 0.6891 109.3559 -40.5722 100.7756 1.3586 54.9580  8
0107-610 11  9 8.4391 0.5105 0.6343 0.3741 -60.8301 0.6969 0.4224 0.2560  3
0109+224 23 20 16.6227 4.1479 3.5361 3.9624 22.7441 12.6635 7.0824 9.5591  2
0110+495 15 11 11.8506 0.3240 0.1600 0.1903 49.8067 0.3956 0.1557 0.1993  5
0111+021 27 24 18.4140 0.2804 0.8249 0.1611 2.3715 0.4012 1.4014 0.3787  2
0112-017 11  6 18.8152 0.5956 1.1073 0.5662 -1.4513 0.9008 2.3578 0.6117 13
0113-118 11  5 18.6628 0.3911 0.4682 0.2641 -11.6043 1.0870 2.0788 1.0880  3
0115-214 10  8 18.1385 1.4735 0.7788 0.5675 -21.1852 5.2714 1.5551 1.3829 10
0116-219 13 11 18.3408 0.4704 0.5716 0.3017 -21.6917 0.8704 1.2350 0.4720  7
0118-272 12  8 17.9339 0.8019 0.4214 0.6007 -27.0235 1.4449 0.8228 0.8432  7
0119+041 29 28 20.4273 1.1121 0.2965 0.1271 4.3735 3.9445 0.4270 0.2199  1
0119+115 27 25 19.9895 0.3141 0.3677 0.0635 11.8307 0.6370 0.3835 0.0984  2
0123+257 15 10 19.4870 0.3158 0.2698 0.2731 25.9837 0.5085 0.5256 0.2941  4
0130-171 12 10 22.1785 0.6038 1.8023 0.8320 -16.9135 0.7904 0.8757 0.5281  2
0131-522 18 13 14.3286 0.8287 1.0201 0.3700 -52.0011 0.7881 0.9548 0.2475  8
0133+476 31 27 16.2671 122.8164 0.1211 0.0584 47.8581 66.3383 0.1369 0.0893  4
0134+311 11  8 20.7348 0.3593 0.0520 0.0769 31.3766 0.6327 0.1725 0.1810  6
0135-247 14  9 22.2093 1.8371 0.9849 1.6362 -24.5150 4.2991 1.6162 1.5496  6
0138-097 19 14 25.0114 0.4454 0.2713 0.2545 -9.4788 0.6068 0.8404 0.4720  8
0146+056 13 10 27.1968 0.4278 1.2225 0.3226 5.9315 0.6886 1.6208 0.5121 13
0148+274 14  9 24.6597 0.3847 0.3265 0.3970 27.7449 0.6120 0.5034 0.5603  3
0149+218 25 21 26.0091 0.7960 0.9872 0.3721 22.1188 0.7020 1.0737 0.4581  3
0150-334 13  7 23.6809 1.1317 0.6397 0.9870 -33.1739 1.2109 0.9465 0.7390  4
0151+474 18 15 19.3298 0.2863 0.2469 0.1348 47.7240 0.3354 0.2542 0.2568  3
0153+744 15 11 7.7508 0.7920 2.5953 1.4275 74.7120 0.6734 1.9902 1.1411  6
0159+723 21 15 9.2637 1.4338 0.5416 0.3644 72.5482 3.1472 1.1376 0.6615  4
0201+113 28 27 30.3146 0.3141 0.2113 0.0726 11.5793 1.0359 0.5500 0.1992  1
0202+319 29 25 26.4585 0.2821 5.3801 0.0689 32.2084 0.3185 1.1850 0.0989  3
0202-172 17 11 29.8717 0.3722 0.4350 0.2476 -17.0222 0.6301 0.5088 0.2275  5
0206+136 10  6 31.4557 0.9833 0.1681 0.3912 13.8669 0.8868 0.9523 0.6686  6
0208-512 28 26 20.5664 1.1809 1.4454 0.3948 -51.0172 2.6522 1.8713 0.5408  2
0215+015 21 17 34.4380 0.2385 0.3321 0.0769 1.7471 1.6835 0.5186 0.3432  3
0219+428 11  8 26.0687 0.3819 0.5720 0.4560 43.0355 0.2465 0.3439 0.2662  6
0220-349 16 12 29.3824 1.4843 1.9877 1.2464 -34.6913 1.0973 1.1638 0.6407  5
0221+067 23 19 35.8500 0.7811 0.9724 0.3297 6.9898 1.1102 5.0495 0.7652  4
0224+671 17 11 14.3285 1089.8390 0.7862 0.4493 67.3508 651.6032 0.6313 0.3290  7
0227-369  9  5 29.9485 2.4592 1.0279 1.2076 -36.7325 5.8270 0.9933 1.2123  3
0229+131 34 32 36.9111 0.4227 2.1971 0.0855 13.3819 0.7312 0.2787 0.1486  2
0230-790 21 17 7.2661 0.5265 3.3248 0.3720 -78.7960 0.5087 2.9364 0.3507  6
0234+285 36 35 34.5856 352.0312 0.5366 0.1484 28.8025 238.1556 0.2496 0.2048  1
0234-301 12 11 33.9220 0.6112 0.7376 0.5331 -29.8988 1.1571 1.0432 0.9857  1
0235-618 10  8 18.6523 2.0498 1.8355 1.1167 -61.6042 1.2130 1.9088 0.7060  4
0237+040 14  9 39.8525 0.3384 1.7172 0.3140 4.2726 0.4573 1.5232 0.4945 10
0237-027 18 15 39.8990 1.4067 0.4828 0.5088 -2.5780 5.6810 0.9381 1.0517  4
0237-233 17 13 36.8093 1.5728 2.7090 1.4798 -23.1544 2.1603 4.6010 2.2008  3
0238-084 17 12 39.8527 0.5905 0.3710 0.4168 -8.2558 0.7607 0.4835 0.3755  6
0239+108 22 17 39.8729 0.3905 2.0585 0.2152 11.0169 0.6391 6.8391 0.5188  4
0239+175  9  7 38.6756 3.1115 4.2128 4.2729 17.7163 7.6295 15.1933 11.1477 11
0241+622  8  3 19.0628 1.4200 2.0536 0.9573 62.4685 3.5355 3.4984 3.2464  9
0248+430 15 12 31.2404 0.4983 0.5899 0.2878 43.2544 0.4220 0.3002 0.1996  5
0252-549 12  6 25.0641 0.7001 0.5930 0.4104 -54.6976 0.7092 0.3968 0.5205  3
0256+075 20 16 44.4483 0.3081 0.6519 0.2558 7.7943 0.7797 1.8142 0.5605  2
0256-005 10  8 44.8681 0.2715 0.1280 0.1114 -0.3333 0.9939 0.6173 0.3710 10
0300+470 31 27 31.1423 1.1254 0.2650 0.2017 47.2712 0.8987 0.2727 0.2013  4
0302+625 20 16 21.3963 4.1780 2.6169 1.8636 62.7172 12.2655 7.9830 6.1058  3
0302-623 20 18 21.4424 14.6282 14.6317 9.2470 -62.1904 18.7736 9.6661 5.3089  7
0305+039 11  9 46.9881 0.5204 0.2122 0.2025 4.1109 0.7655 0.4388 0.2917  4
0306+102 24 20 46.4755 0.3689 0.3338 0.2807 10.4879 0.5514 0.8501 0.4362  2
0307+380 11  9 37.4667 1.1934 0.2786 0.2229 38.2483 2.7242 0.6585 0.6023 11
0308-611 24 21 23.0369 3.7639 2.1485 0.9825 -60.9775 4.9825 3.1113 1.2129  3
0309+411 23 18 36.2359 6.7796 2.5834 4.9123 41.3337 16.7047 5.3063 11.2031  3
0317+188 15 11 47.2343 1.3273 0.5951 0.5020 19.0254 1.0582 0.7234 0.4861  6
0319+121 20 15 49.3026 0.3314 0.8098 0.1746 12.3539 0.7500 1.6144 0.2992  6
0322+222 14 10 47.5248 0.5338 0.3314 0.2806 22.4001 0.5674 0.3410 0.1810  3
0325+395  6  2 40.1823 2.7345 1.5893 1.6198 39.6790 7.8473 3.3684 3.5045 11
0332+078 10  8 53.1988 0.4442 0.1767 0.1771 8.0040 0.6928 0.5131 0.4710 12
0332-403 17 12 40.9425 0.4860 0.9626 0.1264 -40.1404 0.4923 1.0635 0.1617  7
0333+321 24 18 45.7461 9.2577 3.7460 0.6356 32.3082 11.5628 3.6101 0.3661  4
0334-546 17  9 31.3379 2.3357 3.2195 2.5984 -54.5070 1.7124 3.4050 1.8753  4
0336-019 34 32 54.8525 193.8481 16.2475 0.1446 -1.7766 359.2939 13.0660 0.1063  3
0338-214 19 16 51.3724 1.6275 0.7376 1.0002 -21.3253 1.3046 0.8617 0.7215  6
0340+362 10  7 44.9872 0.5358 0.3641 0.4214 36.3701 0.6038 0.3030 0.3678  9
0341+158 10  6 53.9247 0.8874 1.2809 0.5026 15.9954 1.1246 3.6122 0.6581  4
0342+147 23 18 54.3852 0.3100 0.7639 0.2944 14.8971 0.5503 1.4684 0.5252  3
0345+460 10  7 39.7034 0.7350 0.2759 0.2878 46.1666 0.6016 0.2321 0.2401  9
0346-279  9  7 50.5522 0.6846 0.2063 0.2401 -27.8204 0.6706 0.4004 0.4175 11
0347-211 10  8 53.6556 3.0214 1.7828 1.8324 -21.0466 1.9219 1.1419 0.4266 10
0355+508 35 33 37.7092 3.5714 4.5179 2.2306 50.9639 2.5737 5.2334 1.7932  2
0358+210 11  7 56.3576 3.5436 3.3815 0.8598 21.1746 13.3719 11.2878 1.3645  7
0400+258 22 17 54.6225 0.4873 1.3173 0.3242 26.0004 0.4905 2.0439 0.3747  4
0400-319 19 14 51.4991 1.3246 1.0709 0.7631 -31.7905 1.3092 0.8407 0.5642  3
0402-362 28 27 49.2765 6.2545 11.5402 5.1852 -36.0839 3.9622 5.1262 2.1756  1
0403-132 17 11 59.7850 2.2379 2.9237 1.9961 -13.1371 3.2249 8.9028 3.2304  7
0405-123 17 12 60.5542 0.2808 7.3620 0.2240 -12.1935 0.7103 0.8183 0.7015  3
0405-385 23 20 48.3624 1.1294 0.3989 0.2533 -38.4411 0.9946 0.4236 0.2952  3
0406+121 18 14 60.9120 0.4539 1.4796 0.3761 12.2944 0.8510 1.6695 0.7648  4
0406-127 18 12 60.7632 2.1312 1.0645 1.7770 -12.6467 6.3231 2.4270 5.2369  4
0410+110  4  2 62.2094 0.8828 0.1886 0.1754 11.2041 1.2756 0.9817 0.9349  6
0414-189 21 17 60.7108 0.5716 1.1120 0.2261 -18.8523 0.7341 1.8127 0.3207  7
0415+398 10  8 49.7281 1.6187 0.4477 0.4467 39.9247 0.5271 0.1707 0.1976 11
0420+022 10  7 65.6635 0.2958 0.0669 0.0787 2.3241 0.3412 0.2228 0.1435 10
0420+417 17 13 49.1628 1185.8495 2.9902 4.0591 41.8341 647.9086 0.8645 0.2476  4
0420-014 33 31 65.7978 0.4815 2.2598 0.1153 -1.3425 1.2117 8.7569 0.2436  4
0422+004 27 23 66.1915 0.2782 1.4020 0.1348 0.6018 0.7246 8.1745 0.4258  4
0422-380 21 16 52.1907 3.2701 1.7919 1.3778 -37.9391 3.2236 0.8466 0.6543  3
0426+273 17 15 59.8958 0.9344 0.3225 0.3403 27.4105 0.8990 0.3440 0.3845  4
0426-380 15  7 52.9736 1.6426 2.3213 1.0338 -37.9388 0.5972 0.9210 0.5422  4
0430+289 17 12 59.7734 1.0680 0.8682 0.6709 29.0987 3.3183 4.0335 3.5588  2
0434-188 29 28 65.5820 468.3798 1.2830 0.4582 -18.7468 1657.2520 1.0853 0.6844  1
0436-129 10  8 67.9014 2.9952 1.9316 2.2506 -12.8509 3.1561 4.2054 2.6930 10
0437-454 21 19 49.0011 27.3621 94.1575 28.1933 -45.3729 14.2085 18.7070 4.1864  4
0438-436 20 12 50.7840 5.8879 1.9646 2.9795 -43.5524 1.9379 0.7892 0.7151  3
0440+345 16 13 58.2855 0.4755 0.2859 0.2865 34.6852 0.5654 0.3223 0.2788  8
0440-003 16 11 70.6601 0.4437 7.4368 0.4455 -0.2954 0.6561 30.9585 0.3925 10
0442+389 10  8 55.5994 3.7049 2.3630 2.1526 39.0048 11.4288 7.1001 8.0442 11
0446+112 20 15 70.8664 3.4547 0.5753 0.4899 11.3579 4.5467 1.0038 0.3756  5
0451-282 24 19 64.6533 253.0561 1.2460 1.3564 -28.1270 576.1578 1.6904 1.0750  2
0454+844 28 24 7.3507 5.1310 2.2250 1.7865 84.5346 4.7504 1.0813 0.3976  7
0454-234 30 29 68.1480 4.0716 0.3646 0.2803 -23.4145 2.7050 0.2137 0.1490  1
0454-463 10  7 51.1302 1.4441 1.2295 1.2144 -46.2663 1.1706 1.1589 0.5635 10
0454-810 22 19 11.3234 0.7599 1.8234 0.4201 -81.0173 0.3782 0.8512 0.2127  6
0457+024 21 18 74.8960 0.6139 0.5830 0.3204 2.4920 0.8459 1.4074 0.4215  2
0458+138 12  3 73.2183 0.2098 0.2214 0.2023 13.9353 0.7653 0.7031 0.4244  6
0458-020 33 31 75.2581 0.3648 10.6960 0.0632 -1.9873 1.5578 10.0530 0.0966  3
0502+049 16 12 76.0566 0.1285 0.5724 0.1958 4.9952 0.1135 1.1457 0.3343  3
0506+101 17 11 76.1427 0.9951 1.1886 1.0028 10.1957 2.7937 3.4068 3.1283  3
0506-612 18 14 36.9877 0.9747 3.0799 3.1638 -61.1614 2.3672 0.5773 9.8864  9
0507+179 26 24 73.7114 0.4221 0.6590 0.3016 18.0116 0.4966 1.1107 0.4214  2
0515+208  9  5 74.2769 1.9946 0.9003 0.9755 20.9146 1.0452 0.5910 0.6899  7
0516-621 18 15 37.0319 5.1013 11.4888 4.7116 -62.1182 2.8202 8.8842 2.0927  7
0518+165 11  7 76.9290 1.5882 0.8533 1.4228 16.6395 0.5399 0.6308 0.2643  9
0521-365 23 19 64.9394 24.8822 82.1355 31.8861 -36.4586 10.9375 86.2976 14.9681  2
0522-611 16 12 38.9335 4.0900 3.3003 1.5403 -61.1325 2.7846 2.2962 0.6415 11
0524+034 10  7 81.7313 0.9961 0.6065 0.7284 3.5254 4.9829 2.8629 3.6371 10
0524-460 14  8 56.5674 3.3502 4.9521 4.3881 -45.9652 1.5150 3.7626 1.2840  3
0524-485 11  9 54.0387 2.5466 1.1617 0.9154 -48.5102 1.3115 0.8729 0.8661  2
0528-250 15 10 74.7649 0.5822 0.5326 0.3963 -25.0583 0.9691 1.1747 0.6488 10
0529+483 10  7 55.3360 0.7877 0.2398 0.2114 48.3813 0.4255 0.1048 0.0948  9
0530-727 15 10 24.4168 1.7228 3.7277 2.3839 -72.7579 4.4364 19.8415 9.2672  8
0534-340 14 13 69.7211 1.8575 4.6797 0.7954 -34.0199 0.9685 1.0863 0.7245  1
0534-611 12  9 40.4236 2.2526 4.0425 2.3844 -61.1020 0.8811 2.3416 0.7501 12
0536+145 20 16 82.1981 0.5215 0.7249 0.1853 14.5627 0.5977 1.7250 0.2384  4
0537-286 22 19 74.5611 3.4143 2.6163 1.6773 -28.6655 0.8381 1.3535 0.4499  3
0537-441 29 28 60.8470 1.7054 2.1000 0.3514 -44.0858 0.6564 1.9862 0.1645  1
0538+498 11  7 55.2244 0.6315 0.7835 0.7544 49.8520 0.4265 0.5205 0.5065  6
0539-057 16 12 84.9868 0.4356 0.4486 0.3931 -5.6971 0.9923 1.1456 1.0911  5
0544+273 22 19 77.1682 3.7898 1.3651 1.6526 27.3658 0.7926 0.5249 0.4583  5
0548+378 11  9 69.4917 4.1762 25.3993 7.6696 37.9070 3.3738 13.5351 4.9320 10
0549-575 10  7 46.9835 1.9638 2.9207 1.3396 -57.5401 1.1158 0.5620 0.4195  2
0552+398 36 35 68.2702 3.0390 0.2214 0.0865 39.8137 1.5688 0.1097 0.0625  1
0554+242  7  5 81.4042 0.3329 0.4292 0.2104 24.2320 0.5739 0.4798 0.3639  4
0556+238 24 21 82.1774 0.7939 0.7447 0.1683 23.8983 2.0221 1.2065 0.6735  3
0600+177 23 20 86.4880 0.6337 0.5652 0.3234 17.7047 0.5808 0.6179 0.3751  2
0601+245  3  1 83.0164 0.3455 0.2088 0.2410 24.4986 0.4726 0.0336 0.1035  2
0602+673 20 18 35.4194 1.0587 0.4224 0.2270 67.3487 0.5246 0.1962 0.1298  2
0605-085 17  8 90.9690 0.6284 0.2257 0.3853 -8.5805 0.6254 0.9426 0.4892  6
0606-223 10  8 85.3254 0.5430 0.1142 0.1416 -22.3392 0.5883 0.3325 0.2701 10
0607-157 25 22 88.9676 1.3154 2.7137 0.5410 -15.7113 0.6640 1.6117 0.2494  7
0609+607 19 14 45.7023 0.6655 0.9202 0.4668 60.7727 0.3391 0.7036 0.2142  4
0611+131 13  9 91.0527 2.1933 1.6598 1.7924 13.1126 2.6445 1.7231 2.2724  5
0613+570  9  7 51.3413 1.4721 0.8844 0.9512 57.0212 1.8617 2.4120 1.8777 14
0615+820 18 13 13.3645 8.5107 1.2363 1.0997 82.0404 5.3727 0.8226 0.9280  3
0620+389 11  9 74.7236 4.8500 3.0196 3.1883 38.9469 3.1011 1.5364 1.7971  6
0627-199 10  8 91.4846 1.7133 2.6068 1.5399 -19.9888 0.8072 0.5697 0.3960 10
0629-418 13  8 72.7851 2.3490 2.9646 1.7256 -41.9075 1.4126 2.6417 1.1530  4
0632-235  9  7 90.4962 1.1117 0.5425 0.3395 -23.5867 0.6728 0.4816 0.3831  3
0636+680 20 16 37.6927 2.0964 0.9148 0.6685 67.9766 0.9927 0.3567 0.2420  3
0637-337 14 11 82.9953 1.8733 2.6073 1.6545 -33.7667 1.2615 1.5086 1.0275  7
0637-752 28 26 25.1556 8.7370 2.5226 2.6097 -75.2713 2.2332 0.6812 0.5950  2
0641+392 10  8 78.3908 1.0853 0.3656 0.3694 39.2465 0.8487 0.3185 0.2583 11
0642+449 29 26 72.0478 1.5056 0.9085 0.2685 44.8546 0.8204 0.6860 0.2296  4
0646-306 20 14 87.7201 5.2316 3.7501 2.5307 -30.7388 1.4676 1.7873 1.9864  3
0648-165 23 21 98.3120 2.3884 0.9053 0.8187 -16.6277 0.5783 1.3453 0.2696  7
0650+371  9  7 82.5501 1.0356 1.0075 0.9426 37.0946 0.6624 0.9512 0.9375 17
0656+082 17 14 103.7467 0.4858 0.1354 0.1035 8.2253 0.9806 0.2780 0.3229  4
0657+172 28 27 100.3341 1.6191 0.4960 0.5941 17.1560 0.5420 0.4549 0.1903  1
0700-197  9  7 99.3960 1.3882 1.0205 0.7398 -19.8561 1.0228 0.5535 0.4086  3
0707+476 24 18 72.7052 0.6502 1.6516 0.3240 47.5364 0.4199 0.7490 0.2333  7
0710+439 15 10 78.2172 1.7688 2.6850 2.0166 43.8214 1.0925 1.6788 1.1755  4
0714+457  9  7 76.5426 0.6354 0.3304 0.2701 45.6342 0.3059 0.1494 0.1181 12
0716+714 26 21 35.3396 2.0634 0.8755 0.3273 71.3434 0.5287 0.3347 0.0924  8
0718+792 24 22 20.9176 4.2424 0.2993 0.2090 79.1919 0.3966 0.0945 0.0409  3
0722+145 24 20 107.8128 1.8259 1.4149 1.0281 14.4205 0.6156 1.3573 0.5656  2
0723+219 10  8 103.5169 0.9619 0.2026 0.8257 21.8889 1.2696 0.2701 0.9049  3
0723-008 25 19 111.4468 0.6174 9.7987 0.2760 -0.9157 0.8513 2.5267 0.3389  4
0727-115 33 31 110.2458 1.6297 0.8468 0.2805 -11.6868 1.6460 3.1800 0.1533  2
0729+259 10  8 101.9379 0.5033 0.6755 0.3169 25.8108 0.5041 0.7715 0.2778 11
0733-174 14 11 108.6093 1.4876 5.1005 1.1353 -17.5968 1.7584 1.6587 1.3378  4
0735+178 22 19 109.1059 0.6681 0.3960 0.1608 17.7053 0.5962 0.7833 0.1922  7
0736+017 28 25 114.7794 0.3774 1.6651 0.2235 1.6179 0.3823 15.0025 0.1506  6
0738+491 16 13 75.7757 0.8946 0.9926 0.7298 49.0043 0.3721 0.6127 0.2525  5
0738-674 12  7 43.7270 25.8314 79.8787 33.3079 -67.5975 11.3774 33.7667 14.4259  5
0742+103 22 19 114.5530 0.7024 4.8806 0.1726 10.1869 1.1105 6.0278 0.2998 10
0743+259 24 20 104.9689 0.4770 0.3980 0.0841 25.8173 0.3633 0.3392 0.0935  3
0743+277 10  8 103.4080 6.1042 6.4057 6.0183 27.5831 2.9290 4.0872 3.3015 11
0743-006 21 16 116.4657 0.2315 9.7992 0.1549 -0.7382 0.5805 15.3383 0.2439  6
0743-673  9  5 44.4573 1.5544 1.4355 1.4468 -67.4404 0.5232 0.1569 0.3076 11
0745+241 25 22 107.0167 0.7594 0.8497 0.4900 24.0067 0.5184 0.4795 0.2925  3
0747+185 10  8 111.5030 0.6856 0.2149 0.4470 18.3865 0.4407 0.2123 0.2613 11
0748+126 26 20 114.9185 0.4437 6.6619 0.1649 12.5180 0.3470 2.9167 0.1518  4
0749+540 28 25 69.7038 1.3374 0.9676 0.4312 53.8832 0.6618 0.4395 0.1832  4
0754+100 21 13 117.4861 2.0484 3.0665 2.0304 9.9430 3.1298 5.0743 2.5972  4
0759+183 12  9 114.6856 0.7883 3.2984 0.5225 18.1637 1.0391 3.5804 0.7149  7
0800+618 11  8 57.4447 4.9257 6.7307 1.1843 61.7399 0.5042 2.5798 0.2953  3
0804+499 28 25 78.7817 0.7947 0.2273 0.1640 49.8435 0.3825 0.0958 0.0556  8
0805+046 13  9 121.6065 0.5717 0.5262 0.2278 4.5429 0.5653 0.6566 0.5370  4
0805+410 24 23 92.4217 2.4418 0.6462 0.5954 40.8791 1.2668 0.3111 0.3079  1
0805-077 13  5 120.9201 0.3725 1.1361 0.4337 -7.8527 0.5861 2.9161 0.4218  7
0808+019 24 18 122.8019 0.6282 1.6372 0.1604 1.7812 1.6664 2.0542 0.3582  2
0812+020  4  2 123.7764 3.0346 1.5715 1.5960 1.9165 5.7247 2.9056 2.9729  6
0812+367 22 16 99.4515 0.7237 1.6714 0.4626 36.5875 0.4149 1.0932 0.2493  4
0814+425 25 18 92.0173 23.4567 1.1092 25.5880 42.3793 4.9501 0.5037 5.0657  4
0818-128 15 12 122.0378 0.7124 0.5574 0.3152 -12.9831 0.5935 0.5442 0.5435  6
0820+560 22 20 70.7900 1.0318 1.1660 0.6015 55.8785 0.4002 0.5847 0.2580  2
0821+394 20 15 97.7130 7.6806 1.5474 1.7291 39.2783 2.0633 1.0039 0.4829  3
0823+033 30 28 126.2678 0.3240 0.1066 0.0602 3.1568 0.9446 0.9201 0.3462  4
0823-223  8  3 116.8704 1.3051 2.2894 0.9126 -22.5076 2.5704 0.9517 1.0728 11
0826-373 22 16 100.7468 1.9769 2.6490 1.1588 -37.5184 1.4202 1.5827 0.4334  3
0827+243 26 22 116.5085 0.4948 1.9932 0.3393 24.1833 0.3679 1.4988 0.2537  2
0828+493 20 15 83.6629 0.9060 1.3332 0.5786 49.2225 0.3680 0.6387 0.2604  7
0829+046 16 14 127.5602 2.5255 2.4745 1.7589 4.4942 7.2916 10.2617 8.9577  4
0831+557 13  8 72.7784 1.6985 2.3337 1.4630 55.5725 0.7395 1.0670 0.6739  8
0833+585 17 13 67.7411 1.8728 1.1034 1.3277 58.4172 0.4359 0.8572 0.5170  4
0834-201 19 15 121.1541 0.6907 1.7886 0.2697 -20.2832 0.5504 1.5593 0.1964  6
0836+710 16 10 42.6640 265.2709 0.9127 0.6153 70.8950 165.2122 1.0299 0.2364  4
0839+187 18 15 123.7077 0.9204 0.9403 0.5410 18.5947 0.6750 1.5512 0.5612  2
0847-120  9  7 129.5339 8.5976 7.1394 5.1796 -12.2265 5.9882 3.8522 3.4650  4
0850+581 11  7 70.9194 0.9902 0.5996 0.8400 57.9583 0.3779 0.2462 0.2830  5
0851+202 36 35 125.5535 1.7016 0.3465 0.3171 20.1085 1.3309 0.6933 0.2257  1
0854-108  9  7 131.6698 0.5061 0.2287 0.2004 -11.0873 0.5278 0.2901 0.2093  3
0859+470 20 14 92.8503 3.3832 2.5070 2.1713 46.8511 1.0525 1.3885 0.5148  5
0859-140 16  8 131.3938 7.7149 4.5840 5.4092 -14.2586 9.0903 4.1045 3.7577  5
0906+015 16 10 137.2534 10.3224 6.0186 10.7186 1.3599 27.7438 62.5568 54.3832  9
0912+029 16 13 138.4964 0.3581 0.1790 0.1002 2.7665 1.4274 0.9034 0.8411  5
0912+297 12  5 120.8841 1.2662 2.3927 1.1516 29.5567 1.0102 2.3218 0.9260  5
0917+449 19 13 99.6879 0.6645 0.8500 0.6982 44.6983 0.3051 0.4350 0.2763  4
0917+624 24 19 65.3413 1.0413 0.9699 0.4379 62.2645 0.3840 0.4090 0.1587  4
0919-260 27 25 125.8288 4.3323 2.4316 0.9316 -26.3121 2.3031 1.0166 0.5958  3
0920+390 19 16 109.6960 0.6578 0.2959 0.2214 38.8278 0.2945 0.2175 0.1405  2
0920-397 26 24 107.7883 10.6581 2.8902 2.6587 -39.9931 3.9083 1.3548 1.3277  2
0925-203 23 19 132.9052 1.4869 9.7815 0.9170 -20.5809 0.8952 5.9691 0.4466  2
0943+105  8  5 144.2898 0.4201 0.1469 0.1247 10.2850 0.5822 0.2989 0.4032 12
0945+408 19 13 111.6836 65.4805 13.7908 13.8091 40.6624 26.7763 10.6541 14.4468  3
0949+354 16 13 121.0248 9.9838 11.5703 10.3152 35.2146 3.6316 5.5844 4.7907  4
0951+268 10  8 132.8641 2.0491 1.7513 1.6073 26.6568 2.2500 1.9686 1.8581 11
0951+693 15 12 53.1983 1.2036 0.5500 0.5579 69.0653 0.4716 0.2942 0.2402  2
0952+179 16 11 141.6758 0.6707 1.9273 0.5552 17.7253 0.6438 1.6559 0.4060  2
0954+658 28 24 61.9232 1.6253 0.5549 0.5314 65.5652 0.5113 0.2299 0.1851  7
0955+326 23 18 126.2999 11.2442 3.4006 5.4926 32.4006 6.4869 2.4931 4.1166  2
0955+476 24 23 101.2122 0.7827 0.1944 0.1618 47.4188 0.3699 0.0819 0.0693  1
0958+346 10  8 123.9936 0.8848 0.5874 0.6084 34.4140 0.4705 0.3915 0.3762 11
1004+141 23 20 147.4476 234.9309 5.3272 273.6947 13.9416 456.8198 7.6852 313.4410  7
1004-500 13 12 96.8030 6.8909 12.7391 5.3463 -50.3037 1.0210 0.8145 0.6903  1
1011+250 14 10 139.2951 0.8901 0.9402 0.6073 24.8212 0.3674 0.8640 0.3573  3
1012+232 23 20 141.4557 1.4235 2.5236 0.6355 23.0213 0.9682 1.8623 0.4823  4
1012-448  8  6 108.4143 4.8780 6.1560 3.6163 -45.1448 1.9163 2.5677 1.8257  3
1013+054 10  8 153.3750 0.5134 1.8544 0.4336 5.2173 1.5361 4.5000 1.1713 12
1014+615 14 10 74.1870 12.4876 8.6974 9.2893 61.2743 2.5143 1.6715 1.6139  5
1015+057 10  8 153.9021 0.2640 0.4365 0.1567 5.5083 0.3889 1.3091 0.3913 12
1015+359 11  8 125.4868 5.0194 8.6545 3.9738 35.7110 2.8960 3.8897 1.8423  9
1016-311  9  8 131.9783 2.2268 2.2921 1.9146 -31.3983 1.1857 0.9805 0.8419  1
1020+400 20 15 119.6897 0.9034 1.9538 1.1496 39.8043 0.4046 0.9004 0.4579  2
1022+194 20 17 147.4940 0.5115 0.6593 0.5255 19.2057 0.5386 0.5310 0.4188  5
1022-665 12 10 61.4774 6.8734 7.2945 5.6990 -66.7802 1.0239 1.9141 0.6496  2
1023+131  5  2 152.5369 0.8872 0.4503 0.3973 12.8970 0.6552 0.2690 0.3981  6
1027-186 10  8 148.9196 10.9663 17.5071 14.8047 -18.8806 14.5821 5.9430 7.5077 10
1030+074 16 13 157.1461 0.6396 0.3675 0.2019 7.1906 1.1350 0.5844 0.4094  2
1030+415 24 18 118.9568 6.4694 5.3281 3.7946 41.2684 1.7919 1.7944 0.6834  2
1032-199 18 13 149.0010 1.3613 1.4716 1.0927 -20.1929 0.9962 0.4889 0.4552  4
1034-293 30 29 138.5700 3.2271 2.3495 1.4045 -29.5674 1.1717 0.2749 0.2793  1
1034-374 12 11 125.9169 3.6938 2.5289 2.8234 -37.7375 1.0746 1.2756 0.7085  1
1038+064 20 15 159.3924 3237.6824 1.3947 0.3204 6.1714 1048.3510 1.6673 0.3418  4
1038+528 23 20 97.5441 1.6020 1.6172 0.5027 52.5578 0.8414 0.4370 0.2352  2
1039+811 23 19 25.4482 16.9687 4.0403 2.5849 80.9110 3.1304 0.8982 0.3182  3
1040+244 12  9 146.7230 0.6024 2.6669 0.2676 24.1432 0.4137 1.8041 0.1740  7
1042+071 12  7 160.0560 0.3248 0.8318 0.2184 6.9273 0.6642 1.4618 0.7131  6
1045-188 20 16 153.0523 1.6554 4.1033 1.7622 -19.1599 1.2312 1.7093 0.7994  6
1048-313 13  9 138.5799 6.3497 5.1267 4.6092 -31.6373 2.9333 2.0303 1.5456  6
1049+215 21 17 151.7899 0.7349 1.4494 0.7200 21.3312 0.6912 1.0316 0.5087  3
1053+704 21 18 55.6392 16.9532 7.6534 6.2586 70.1961 5.7415 2.3530 2.0283  2
1053+815 27 26 25.0532 14.4825 2.5912 0.9501 81.2424 3.7455 0.5526 0.2539  1
1055+018 31 28 164.5618 3258.1184 921.4095 10.9768 1.5663 2333.4050 13086.8524 305.2878  5
1057-797 28 27 28.4123 12.5221 8.0162 4.0351 -80.0650 3.5585 2.0220 1.0088  1
1059+282 10  8 146.2449 1.6656 1.1259 1.0900 27.9524 1.5047 0.9452 0.9240 11
1101+384 22 21 130.5258 0.8694 0.3913 0.3384 38.2088 0.3951 0.1564 0.1263  1
1101-536 19 14 97.6700 50.1525 12.6653 17.0401 -53.9502 23.7444 3.6033 4.7514  4
1104+728  7  4 50.0745 15.8183 3.1572 4.0120 72.5433 5.8714 1.4169 1.9166 14
1104-445 26 23 118.3081 7.1388 8.3300 1.6725 -44.8188 1.0081 3.9982 0.2773  3
1111+149 24 20 162.9738 6.9572 2.2578 2.8448 14.7075 10.1508 2.7970 4.0012  3
1116+128 14  9 165.6649 0.7045 0.2873 0.5214 12.5783 0.5270 1.0029 0.4098  4
1116-462 10  6 116.6012 2.5108 3.6074 1.7230 -46.5708 1.6493 2.8992 1.4338  7
1123+264 26 21 153.8930 1367.2214 3.4016 620.2113 26.1722 412.4946 0.8820 291.1563  7
1124-186 28 26 162.4541 4.4998 2.1602 1.0003 -18.9548 2.4272 0.3448 0.3286  2
1127-145 20 15 166.7868 2661.5721 4.0480 2.0421 -14.8242 7649.8318 11.8663 1.1639  5
1128+385 28 26 135.6319 1.0582 0.4596 0.1099 38.2552 0.4146 0.3777 0.0584  2
1130+009 25 21 173.3213 0.3493 0.5768 0.2600 0.6813 0.6556 3.8104 0.4819  2
1133-032 10  8 173.7761 0.9437 0.4739 0.5431 -3.5082 2.1024 0.9664 0.9979 10
1143-245 15 12 160.2631 2.1721 3.4709 1.8127 -24.7925 1.2178 1.4138 0.9942  6
1143-696 11  8 60.6454 4.0021 5.2339 3.7512 -69.9005 0.6412 1.8476 0.4642  2
1144+402 31 27 135.4401 11.4646 1.8691 2.2405 39.9762 4.6340 0.6815 0.7584  2
1144-379 28 26 138.8989 67.0112 10.9845 63.6445 -38.2031 100.0143 5.8179 30.9825  9
1145+268 10  8 158.2712 0.8894 0.2662 0.2647 26.5951 0.4810 0.1891 0.1973 11
1145-071 27 25 175.4863 11.2902 3.8447 2.2398 -7.4114 11.1277 4.6440 3.5342  2
1147+245 19 14 161.8492 0.3608 0.2585 0.2343 24.2983 0.2612 0.2119 0.1453  3
1148-001 10  4 177.6785 0.3385 1.0433 0.3904 -0.3984 1.3046 5.0806 1.5892 12
1149-084 10  8 176.0302 3.1298 1.5373 1.3283 -8.6843 2.1405 0.5274 0.4524 10
1150+497 16 12 115.7851 0.9093 2.1024 0.9001 49.5191 0.3676 0.9018 0.4070  3
1150+812 23 20 27.9702 73.5004 15.7048 20.1918 80.9748 21.0177 4.3630 5.2672  7
1156+295 29 28 156.9538 14.8854 0.7245 0.6193 29.2455 5.2120 0.8369 0.6008  1
1156-663  9  6 71.4341 5.6862 3.6471 3.1515 -66.5943 1.0088 0.7305 0.5109  3
1212+171 10  8 175.8205 12.8874 7.9305 7.0134 16.9105 15.0277 11.0638 7.3763 11
1213+350 18 13 151.0687 1.4294 3.8776 1.2981 34.8042 0.7465 1.5889 0.7792  5
1213-172 23 21 175.4030 2.6023 2.6087 1.3670 -17.5293 0.7421 0.8414 0.2858  7
1215+303 20 14 159.5647 0.8357 1.2203 0.7699 30.1168 0.4789 0.6259 0.4962  2
1216+487 20 16 122.4393 1.0440 1.6970 1.1066 48.4989 0.3645 0.5707 0.3684  3
1219+044 24 22 185.0905 6.2660 0.2095 0.1896 4.2210 6.9128 0.2212 0.1294  2
1219+285 16 11 163.3275 1.4906 0.9306 1.1282 28.2329 0.6684 0.5535 0.4942 11
1221+809 22 19 30.1481 1.0810 1.2199 0.8212 80.6679 0.2901 0.3549 0.2482  4
1222+037 13 11 185.8683 0.6335 1.2224 0.3811 3.5140 0.8375 0.9995 0.5704  2
1222+131 10  8 181.5739 0.5115 0.5771 0.4757 12.8870 0.6224 0.8287 0.6556  4
1226+373 20 15 149.2992 0.9888 0.5505 0.5545 37.1034 0.4392 0.2181 0.2512  3
1228+126 28 25 183.3334 1.7463 3.4165 0.4204 12.3911 1.7826 3.1294 0.3438  2
1236+077 19 17 188.2262 0.4055 0.2324 0.2590 7.5048 0.5172 0.4343 0.2840  5
1237-101 16 13 186.8144 0.6311 0.5860 0.3184 -10.3913 0.5424 0.5517 0.3231  4
1240+381 17 13 150.5916 1.3809 1.2708 1.5110 37.8500 0.4575 0.4693 0.4565  4
1243-072 24 21 189.8735 0.5252 0.9849 0.1360 -7.5129 0.4542 1.6981 0.2328  4
1243-160 10  8 183.7970 0.7761 0.9377 0.6925 -16.2794 0.4404 0.7006 0.6160 10
1244-255 28 25 172.5909 1469.0556 1.1570 493.1060 -25.7970 749.2650 1.6950 429.4332  7
1251-713 21 17 61.0335 5.5317 4.5547 3.5094 -71.6385 0.7948 1.0051 0.4377  6
1252+119 23 17 189.6460 0.9666 0.7132 0.5020 11.6850 0.9227 0.8769 0.6152  3
1253-055 21 19 193.0568 1.5612 6.1413 0.8348 -5.7893 2.6289 15.7868 2.4821 14
1255-177  9  7 185.1314 19.1197 22.2526 18.0979 -18.0009 12.4974 10.5382 8.3547 11
1255-316 25 22 165.0834 35.0878 145.8874 39.2037 -31.9213 10.6113 29.0376 6.5153  2
1257+145 13  8 189.0522 0.9910 4.9073 1.2610 14.2885 0.7465 2.2814 0.5949  3
1300+580 22 21 104.2636 2.5990 1.2713 0.7627 57.8104 1.2042 0.4490 0.3025  1
1302-102 19 14 193.0643 1.1098 1.6726 0.7402 -10.5554 0.8201 3.3364 0.6567  4
1306+360 10  8 159.9060 21.5784 11.1840 10.7147 35.7770 10.6905 4.5632 4.8590  5
1307+121  9  5 193.1444 0.5109 1.3235 0.2762 11.9068 0.5393 0.1574 0.1269  3
1308+328 20 17 166.6680 0.8314 0.3610 0.2563 32.5596 0.4655 0.1568 0.1501  2
1308+554 10  7 112.7762 1.7494 2.0899 1.6229 55.2318 0.7023 0.6926 0.5530 11
1313-333 28 27 165.6833 2.5902 5.6828 1.1069 -33.6498 0.9918 0.6112 0.3123  1
1315+346 17 13 164.4878 1.1766 2.0726 0.8327 34.4211 0.4562 0.8550 0.3694  2
1324+224 23 20 186.8235 3.2367 3.4525 1.2686 22.1806 2.2625 2.1993 0.7842  2
1325-558 12 10 112.7068 10.5710 9.1245 8.8452 -56.1341 1.6415 3.1529 1.3735  2
1327+504  9  5 129.5934 2.5016 1.1591 0.9535 50.1573 0.9409 0.5164 0.4697 12
1334-127 29 28 199.2112 4.9735 0.2903 0.2711 -12.9569 4.4303 0.2266 0.1911  1
1342+662 20 16 83.6310 1.3522 0.9731 0.4771 66.0405 0.3270 0.3037 0.0995  3
1342+663 26 22 83.4632 1.1832 1.1169 0.9112 66.1032 0.4098 0.3095 0.2073  8
1347+539 16 12 122.8150 1.1855 2.3956 0.9508 53.6881 0.3700 0.7514 0.2905  3
1348+308 10  8 178.8271 28.4434 8.9326 7.0248 30.5816 17.0890 4.7342 4.6411 11
1349-439 23 19 149.2579 9.7393 8.8815 13.9697 -44.2112 1.3928 3.5086 1.6961  2
1351-018 25 24 208.3886 2.2282 2.7164 0.3143 -2.1009 4.1377 0.6257 0.5672  1
1352-104 16 13 205.0760 5.4216 1.9743 1.9378 -10.6841 4.7001 1.5718 0.9434  3
1354+195 28 23 197.4852 2242.8437 5.8133 19.4961 19.3187 1534.4234 2.0957 63.0947  4
1354-152 23 19 201.7258 1.3561 1.1360 0.7397 -15.4580 0.8025 0.5662 0.4458  5
1354-174 12 10 199.3309 2.7094 1.7557 1.4470 -17.7339 1.5058 1.0648 0.9244  3
1357+769 27 25 48.1109 1.6385 4.2988 0.2116 76.7225 0.5215 1.1198 0.0574  3
1402+044 17 14 210.6710 2.4114 1.3645 1.8537 4.2600 7.0805 2.4991 3.1945  4
1402-012 14 10 211.1183 0.8617 2.2525 0.5569 -1.5061 1.3000 1.4026 0.6618  3
1406-076 23 18 210.2343 7.0420 1.2627 2.8851 -7.8741 7.3851 0.7641 1.6928  3
1406-267 10  8 189.3692 34.0642 17.3936 16.1293 -26.9603 14.6967 3.2414 3.2822 10
1412-368  9  8 170.5907 2.2011 17.3009 1.6101 -37.0908 1.3447 4.6622 0.9857  1
1413+135 21 16 208.2211 8.0624 4.8935 5.0530 13.3399 15.9025 5.7570 8.2438  4
1417+273 11  6 191.3810 0.8903 0.6244 0.6929 27.1071 0.4633 0.4567 0.4525  4
1417+385 20 18 168.5355 1.7489 0.7845 0.2257 38.3635 0.7457 0.3456 0.1218  2
1418+546 32 29 125.1622 3.2118 19.0181 3.8572 54.3874 0.9591 3.0525 0.7643  2
1420-679 10  7 80.5368 7.8354 9.5653 7.3675 -68.1328 1.2218 3.0804 1.1722  3
1423+146 11  7 209.6391 0.8110 0.5754 0.5152 14.4158 0.8616 0.6503 0.5802  6
1424+240  8  3 198.3190 2.0093 4.9272 2.1698 23.8000 1.0250 3.0164 1.0514 10
1424+366 12  8 174.3405 9.7824 7.0179 5.9708 36.4193 3.9074 3.1620 2.3162  7
1424-418 28 27 160.9836 2.1144 3.9871 0.5998 -42.1054 0.5996 0.2744 0.1621  1
1428+370  9  7 174.2541 15.3993 6.5135 6.1785 36.8177 6.0102 2.6923 2.4554  4
1432+200 19 14 205.6519 8.9140 13.2782 10.3212 19.8669 5.6107 12.4509 6.8135  3
1435+638 19 14 97.4239 1.4311 2.9337 1.1562 63.6105 0.3174 0.9714 0.3135  3
1435-218 10  3 203.4357 1.9769 3.9413 1.1828 -22.0819 0.8669 0.7069 0.6102  4
1441+252  8  5 200.2349 2.2274 1.1877 1.1631 25.0290 1.8585 0.8644 1.0431  5
1442+101 17 12 217.9719 0.8255 2.3497 0.5323 9.9767 0.6238 2.6410 0.4621  5
1443-162 21 15 212.3699 0.7268 0.9537 0.7731 -16.4838 0.7541 0.9355 0.5576  2
1445-161 18 16 213.0932 0.9539 1.5387 1.3014 -16.3402 1.0429 1.5641 0.8415  3
1451-375 27 25 176.7077 12.5725 5.6248 4.5910 -37.7925 4.3519 1.0733 1.1464  2
1451-400 23 19 170.7904 105.0724 72.6684 66.3493 -40.2090 29.5538 5.7619 6.2045  3
1454-354  6  5 182.3080 10.4757 7.8228 7.8273 -35.6528 2.8683 1.8864 1.4355  1
1456+044 10  8 224.1233 0.3798 1.0054 0.2510 4.2705 0.5236 0.4555 0.3079 12
1459+480 23 18 151.1151 1.1560 4.3480 1.0830 47.8543 0.3668 1.4328 0.3368  3
1502+036 21 17 225.8688 0.3692 0.3152 0.1638 3.4419 0.5448 0.8277 0.1732  2
1502+106 30 25 222.3221 30615.1281 22.3169 1.4542 10.4942 7243.4301 282.7098 6.7657  3
1504+377 21 15 179.6918 19.6272 4.2714 7.5937 37.5142 10.9840 2.1802 4.5737  4
1504-166 22 17 217.0052 4.6304 3.1374 2.8680 -16.8751 2.4397 1.3578 1.0693  3
1508+572 14 11 123.7608 3.0106 2.1762 2.3277 57.0454 0.5704 0.4031 0.2605  5
1508-055 11  9 226.5899 2.9427 1.8659 1.9069 -5.7187 3.7019 1.0241 1.0252  4
1510-089 28 25 225.3383 1.1228 1.1346 0.3113 -9.1000 0.8632 2.2439 0.2830  5
1511-100 15 10 224.8267 0.6841 1.4051 0.5520 -10.2001 0.5945 1.8452 0.4808  7
1511-476  6  5 153.5757 5.2470 5.3034 4.8050 -47.8083 1.2011 1.1904 1.0688  1
1514+197 21 17 216.0386 1.0252 0.8689 0.5020 19.5369 0.6332 0.7592 0.4522  2
1514-241 24 19 208.9791 1.4022 0.6761 0.4616 -24.3721 0.8977 0.6590 0.2406  2
1519-273 30 28 204.5897 1098.0504 7.9280 595.4847 -27.5030 1545.9725 1.3044 809.4282  7
1519-294 12  9 200.4970 3.3090 2.9012 2.0297 -29.6070 0.9731 1.9832 0.6716  7
1520+319 10  8 196.0684 1.2274 0.4785 0.3470 31.7373 0.3557 0.2036 0.1477 11
1520+437  9  7 166.8600 1.6058 0.3324 0.3483 43.6109 0.9165 0.2605 0.2480 12
1522+155  4  2 222.9204 1.5791 0.2550 1.0425 15.3558 1.6459 0.4067 1.2885  6
1532+016 17 14 233.6366 0.3610 1.4934 0.2023 1.5178 0.4532 1.8094 0.3484  4
1538+149 21 12 227.4070 43.9657 4.1201 2.8421 14.7961 13.8658 2.1612 1.3030  6
1546+027 26 23 237.1251 0.3202 1.3453 0.1246 2.6170 2.1554 3.8561 0.4579  3
1547+507 14  9 150.5241 1.7096 3.4673 1.1769 50.6349 0.3990 1.0805 0.2671  6
1548+056 27 20 236.5715 14.4970 22.5284 8.5589 5.4529 21.7842 67.4664 13.0931  3
1549-790 14 11 44.6885 3.5918 9.6264 4.2568 -79.2345 0.7780 2.3795 1.0128  5
1555+001 26 21 239.4643 0.5246 0.7900 0.2736 -0.0307 0.6682 1.5373 0.2879  6
1556-245  8  6 217.9527 3.9776 2.2576 3.3797 -24.7108 1.1088 1.1793 0.8169  7
1557+032 19 17 239.5325 0.9048 0.3413 0.3380 3.0801 15.8343 2.8347 4.5105  4
1600+335 18 15 200.6950 1.5245 1.0097 0.9149 33.4481 0.4875 0.3826 0.3133  5
1601+112 10  8 236.4202 0.7721 0.4028 0.2398 11.0969 0.3764 0.8938 0.1957 12
1602-115  9  7 236.3453 1.4165 0.3526 0.3891 -11.6575 0.8570 0.4046 0.3362  3
1604-333 21 18 201.6681 6.2051 6.8727 6.3728 -33.5191 1.2413 2.0788 0.8699  3
1606+106 29 25 238.1481 0.5235 0.5577 0.0857 10.4855 0.4954 0.8714 0.0773  3
1608+243 11  8 221.2673 7.5074 1.9073 2.1655 24.2469 11.1727 2.4272 3.6683  7
1610-771 26 22 53.7906 20.1451 11.4823 3.3497 -77.2885 7.6532 2.8543 1.5667  2
1614+051 24 21 243.2302 0.6144 0.2645 0.4159 4.9924 1.1914 0.4722 0.5267  3
1615+029 10  8 244.1705 0.4551 0.2744 0.2705 2.7786 0.9029 0.6026 0.6057 12
1616+063 20 17 243.3257 0.9914 1.9099 0.6754 6.2173 0.6547 0.5744 0.5619  3
1617+229 11  7 225.6885 2.8303 0.9095 0.8224 22.7966 2.4570 0.6358 0.6209  7
1619-680 19 13 91.5705 4.2030 16.5183 4.7619 -68.1535 0.4935 1.8760 0.4400  6
1622-253 29 28 222.5108 3.9803 0.6210 0.5958 -25.4606 1.5377 0.3296 0.2211  1
1622-297 22 17 213.8029 1.8464 2.6791 1.5410 -29.8575 0.6742 0.7494 0.4337  3
1623+578  9  7 131.5500 6.8491 10.3229 5.6465 57.6879 3.0651 5.3166 3.1388 14
1624+416 21 18 184.3879 1.3267 9.3574 1.1318 41.5780 0.4181 3.0584 0.3664  4
1624-617 12 10 116.5356 5.4531 4.5178 3.2948 -61.8768 0.8719 1.3189 0.6546  2
1633+382 28 24 195.7082 12513.8775 11.2947 0.8342 38.1346 2476.4013 6.3990 0.2517  4
1636+473 10  7 169.1821 14.0959 3.6867 4.5658 47.2927 7.8061 2.3316 3.0516  9
1637+574 34 31 134.6736 2.8763 15.8381 1.5357 57.3400 0.6663 4.3510 0.4801  2
1637+826 18 16 32.2252 5.6933 0.7729 0.7935 82.5379 0.7470 0.0857 0.0682  2
1638+398 32 27 192.2231 3358.5668 16.1446 15.8762 39.7795 405.1835 5.7838 23.0589  2
1639+230 19 17 230.5365 0.8554 0.9938 0.3502 22.9511 0.4359 0.6278 0.1889  2
1639-062 10  8 248.9690 0.3919 0.0960 0.0798 -6.3566 0.3504 0.1919 0.1156  3
1642+690 32 29 90.0099 2.1940 23.7902 0.5763 68.9444 0.4574 5.0507 0.1407  3
1647-296 12 10 219.4076 2.8873 1.7359 1.6973 -29.7297 1.1865 0.9151 0.8143  4
1651+391 10  8 196.6761 2.6061 2.4350 2.2606 39.0472 0.5845 0.3149 0.3648 11
1652+398 27 22 194.8477 1.4625 5.4486 0.6593 39.7602 0.4405 4.7867 0.1973  3
1655+077 18 10 252.2478 0.8870 1.1515 0.5812 7.6910 0.4822 1.4922 0.3418  3
1656+053 22 16 253.5693 1924.3283 1.6906 0.8214 5.2546 2630.0911 1.1411 0.4161  6
1656+477 14  9 171.5182 214.5791 16.2948 19.2465 47.6303 47.1204 2.3302 2.5824  2
1656-075 10  8 252.4139 1.1905 0.5323 0.4832 -7.6549 1.1123 0.6029 0.5831  5
1657-261 28 26 229.0369 2.5823 1.9392 1.0868 -26.1810 0.5927 0.7784 0.2175  2
1657-562 12 10 141.4846 9.0878 9.5668 6.4312 -56.3655 1.3505 2.0790 1.0204  2
1659+399  9  7 195.8682 5.7040 3.5344 2.7479 39.9103 5.7848 4.7579 4.0414  3
1659-621 12 10 119.3055 3.5064 3.5359 2.0483 -62.2111 0.6780 0.8148 0.4851  2
1705+018 22 19 256.7648 4.9778 1.7819 0.7627 1.8127 3.9936 0.6501 0.3650  3
1705+456 14  9 179.6809 0.9677 2.3948 0.6579 45.6029 0.2758 0.4688 0.1813  3
1706-174 24 21 245.5052 2.5249 4.7595 2.0977 -17.4815 0.7524 2.1769 0.6182  2
1717+178 25 21 247.4341 2.6701 4.0151 2.1278 17.7518 0.9107 3.0491 0.7217  3
1722+330 10  8 218.8158 1.6231 1.3710 1.1862 33.0511 0.4897 0.4470 0.3429 11
1725+044 15  9 261.3134 0.4796 0.8253 0.3870 4.4514 0.5011 1.4396 0.4451  2
1725+123 12  8 256.0526 1.3409 0.7581 0.8289 12.2610 0.9993 0.8948 0.8723  7
1725-795 10  6 47.5577 8.5262 13.2396 4.4446 -79.5988 2.2405 2.7782 1.1009  2
1726+455 24 23 183.5078 2.5840 0.6219 0.3003 45.5110 0.7643 0.1310 0.0694  1
1730-130 29 26 256.4305 1.5221 1.7263 0.5159 -13.0804 0.6550 1.1513 0.3413  4
1732+389 23 17 204.9479 1.6198 2.2022 0.9029 38.9643 0.4293 1.0955 0.2654  3
1738+476 22 17 178.5697 2.5287 3.2684 1.9013 47.6329 0.5816 0.7734 0.4136  4
1738+499 16 13 170.5430 1.6995 2.0414 1.2010 49.9176 0.3774 0.3241 0.2938  6
1741-038 35 34 265.3997 2.0875 0.6758 0.1121 -3.8346 5.9945 2.3221 0.2166  1
1743+173 24 20 254.2984 6.0176 3.1375 3.7440 17.3337 10.8082 4.7711 6.0961  3
1744+557 12  9 150.0125 1.2322 1.1078 1.0538 55.7048 0.2776 0.2877 0.2568  2
1745+624 18 17 123.2953 2.2668 0.5404 0.4745 62.4485 0.5780 0.2219 0.1634  1
1746+470 18 14 182.0641 1.7899 3.2862 1.6667 46.9808 0.3405 0.5939 0.2919  3
1749+096 35 33 264.0960 7.8710 4.7223 0.2067 9.6502 4.0658 1.5699 0.1105  2
1749+701 20 14 90.9391 35050.8529 31.2636 13.8897 70.0974 5737.8823 4.8816 0.3938  5
1751+288 22 16 235.2213 3.0653 2.1645 0.8085 28.8014 0.3354 0.9139 0.1070  3
1751+441 15 10 192.5007 1.2078 2.8903 1.0594 44.1627 0.3250 1.0283 0.3189  3
1754+155 11  9 259.3176 1.3100 0.7860 0.8795 15.5891 0.6110 0.3794 0.3984  4
1758+388 21 19 210.4765 2.7674 0.8755 0.9647 38.8085 0.9011 0.2892 0.2956  2
1758-651 17 12 113.9214 17.2979 99.7850 27.1167 -65.1269 7.0030 30.6595 8.4409  7
1759-396 10  8 208.3533 15.9983 5.8774 5.1993 -39.6689 2.8007 0.9137 0.4884  5
1800+440 21 16 194.2598 6.4796 5.9036 3.1120 44.0728 2.2923 2.0492 1.1096  3
1803+784 35 33 54.0162 8.4958 1.1619 0.5153 78.4678 1.3622 0.1770 0.1298  2
1806+456 16 11 190.0129 2.4949 3.6277 1.1892 45.7058 0.6484 0.8132 0.2908  3
1806-458 13 11 189.7050 8.7610 6.0478 5.6041 -45.8781 1.4322 1.8015 0.6766  2
1807+698 32 29 93.7124 1051.3009 22.2047 0.2240 69.8245 250.7054 4.0753 0.0437  4
1815-553 28 27 156.2972 66.0047 26.5685 10.2284 -55.3558 15.8186 7.8390 4.2213  1
1821+107 22 16 271.1770 27286.3742 5.3582 5.0871 10.7399 6490.6296 1.5613 1.0965  4
1823+568 34 31 150.9403 55.1766 21.7283 3.6877 56.8504 9.7489 5.0496 0.6252  2
1823+689  8  6 99.0281 2.5818 0.4575 0.7852 68.9646 0.3226 0.1323 0.1574 13
1824-582 10  7 145.9941 5.1886 14.3566 4.4248 -58.2320 1.1605 3.5446 1.2124  2
1826+796 14  8 49.5665 49.8233 14.7840 106.1342 79.6469 4.9444 3.3399 10.2760  9
1830+285 14  9 244.3558 1.4768 3.1360 1.0647 28.5600 0.5176 1.6128 0.3748  3
1831-711 15  8 90.2831 3.3984 2.4652 3.7978 -71.1454 0.6498 0.5114 0.6576  8
1842+681 23 17 104.4162 6.1709 4.5077 3.4918 68.1570 3.7910 1.3732 2.3771  8
1845+797 15 12 49.8166 3.2122 3.7378 2.9237 79.7714 0.5907 0.7699 0.5705  2
1846+322 10  8 238.3959 2.2991 0.8335 0.7291 32.3174 0.8404 0.4228 0.2656 11
1849+670 23 21 109.8794 1.3529 2.2832 0.7988 67.0949 0.2917 0.4746 0.1275  2
1856+737 19 15 78.8965 2.2509 4.0306 2.1179 73.8555 0.3856 0.8091 0.4091  3
1901+319 18 15 242.3288 1.5301 2.7961 1.0113 31.9949 0.4056 0.9640 0.2954  5
1903-802 11  9 49.2057 2.2374 7.6370 1.8557 -80.1683 0.4492 1.5800 0.4045 11
1908-201 27 25 270.2357 2.8531 4.3370 0.8227 -20.1153 0.9507 0.4168 0.3022  3
1909+161 10  8 276.5627 1.6391 0.7327 0.6409 16.1964 0.8593 0.4359 0.4170 11
1920-211 22 19 271.4253 9.1225 4.1566 3.9937 -21.0759 2.0605 1.1779 0.4225  4
1921-293 34 33 254.1026 4.9970 17.8189 1.2562 -29.2417 1.1506 7.3092 0.3914  1
1923+210 30 26 271.9411 1.1010 23.5923 0.5094 21.1073 0.4438 1.2067 0.1315  3
1925-610 19 14 142.1055 7.1688 8.9360 8.6376 -60.9359 0.8651 2.0289 0.9360  6
1928+738 23 18 80.6340 4.5429 2.6814 2.3471 73.9671 1.2255 0.6229 0.4839  7
1929+226 19 14 270.1188 10.3837 4.7262 4.6011 22.7253 2.7777 1.4341 1.1385  3
1932+204 14  7 275.1313 1.0648 1.0233 0.7813 20.5317 0.7881 0.7327 0.4591  4
1933-400 24 20 225.5689 16.7017 5.6823 6.7719 -39.9671 2.7465 1.4016 0.9761  2
1935-692 17 12 105.1193 50.4882 151.4936 86.0632 -69.1325 16.0006 29.4784 24.8307  8
1936-155 24 20 284.2350 4.7639 1.3934 1.6755 -15.4286 2.7886 2.1668 0.8777  2
1937-101 14 11 290.4668 1.0884 1.3926 1.1601 -10.0449 0.9741 1.2431 1.1231  5
1947+079 10  8 294.5398 3.5460 3.3943 3.1233 8.1206 2.8405 3.1132 2.3744  7
1954+513 26 22 185.9640 5.1078 4.5723 3.5687 51.5302 1.0922 0.7634 0.7871  4
1954-388 24 23 233.5690 34.5346 236.1255 36.9733 -38.7518 7.1893 27.2628 3.9012  1
1958-179 29 28 285.8396 20.8523 2.2165 1.9127 -17.8160 6.4759 0.6302 0.4303  1
2000+148 11  8 290.4016 6.6571 5.0674 5.0030 15.0207 3.5581 1.9218 1.8469  6
2000+472 11  8 203.3354 5.4520 1.4011 1.0913 47.4247 1.1758 0.3761 0.2702  7
2000-330 18 12 252.7068 208.7950 539.0571 381.2026 -32.8625 35.5313 174.0204 55.8286  3
2002-375 12  9 239.5161 13.4617 11.8712 11.5846 -37.3949 1.7837 1.0202 1.0076  2
2005-489 18 12 199.0331 81.8481 39.0000 38.4453 -48.8316 2.6546 6.6739 1.7358  3
2007+777 22 18 63.2843 40.1155 19.6086 2.8751 77.8787 3.0981 5.2830 0.3962  4
2008-068 12  7 300.7200 0.5747 1.6394 0.4818 -6.7343 0.6928 1.4943 0.5823  3
2008-159 25 21 291.4063 2.6380 3.2624 1.0244 -15.7778 0.9620 2.1679 0.2438  3
2013+163 11  8 291.4720 1.0129 0.6601 0.4261 16.5428 0.4540 0.3578 0.2934  7
2017+745 17 12 80.4002 5.4283 5.9310 5.2695 74.6800 0.4613 1.1892 0.5291  4
2021+317 19 12 259.6856 1.9876 2.7006 2.0389 31.8840 0.5291 0.8745 0.4841  4
2021+614 20 13 145.2398 15.5144 13.0568 11.8022 61.6163 3.2302 2.1558 2.2545  8
2029+121 24 19 300.8774 2.2518 6.6947 1.0025 12.3282 1.5684 1.9046 0.6877  3
2030+547 14  8 176.9956 3282.5256 7.0955 2.8205 54.9175 854.8388 1.5356 0.5393  4
2037+511 33 31 193.5239 2.0211 2.4793 0.3364 51.3202 0.4119 0.6951 0.0869  2
2037-253 16 13 280.6914 3.0723 2.3085 1.9130 -25.1296 1.0928 0.7597 0.6295  6
2052-474 26 25 213.2035 11.2167 18.6872 4.7874 -47.2466 1.6466 10.4223 0.7730  1
2058-297  6  3 274.2291 3.3285 0.9146 2.1144 -29.5577 1.0624 0.1738 0.3865  7
2059+034 23 20 314.7572 3.8645 1.0163 0.5961 3.6920 6.4780 1.1765 0.3548  2
2106+143 11  7 307.0579 1.4323 0.9743 1.0013 14.5075 0.6038 0.3845 0.4587  5
2106-413 23 20 238.9084 14.5400 13.8167 11.4821 -41.1724 1.4771 2.5718 0.8463  3
2109-811 12  8 50.4800 78.2466 140.3561 108.3881 -80.8987 9.1148 14.9739 11.0957  6
2113+293 29 28 277.3662 880.9861 2.4016 0.7794 29.5607 129.3645 0.8367 0.1976  1
2123-463 10  7 223.0310 13.1513 22.0388 20.0284 -46.0966 1.5450 5.5373 2.2203  2
2126-158 27 25 310.3602 8.5173 2.0234 2.8387 -15.6447 4.9740 1.3834 1.6565  2
2127-096 10  8 318.1923 1.0183 0.3517 0.3251 -9.4604 0.9576 0.4388 0.3862 10
2128-123 30 28 315.7019 3.9157 0.7711 0.5446 -12.1180 1.2205 0.5728 0.2868  4
2131-021 26 23 323.3673 0.4429 1.9360 0.3596 -1.8881 0.6679 2.6842 0.3401  2
2136+141 28 24 314.5621 0.8839 0.5817 0.1703 14.3933 0.4974 0.2383 0.0924  4
2141+175 12 11 310.4183 0.7751 4.5214 0.6836 17.7302 0.3670 2.6239 0.3620  1
2142+110 11  8 320.0495 14.1201 7.2281 9.3422 11.2576 8.6355 3.3446 5.0988 10
2142-758 14  9 81.2523 10.6257 2.5806 2.8780 -75.6037 1.8151 0.4960 0.5089 11
2143-156 22 19 314.8257 4.0687 3.7480 4.5694 -15.4289 1.6457 1.7742 1.1767  4
2144+092 25 20 322.3141 0.7969 7.1431 0.2446 9.4963 0.5356 5.4147 0.2171  4
2145+082  5  2 323.3857 1.0466 0.1592 0.8459 8.5033 0.8498 0.3068 0.7247 16
2149+056 27 23 326.1883 0.7585 10.4189 0.4264 5.8703 0.8750 1.5318 0.3588  5
2149-307 20 13 282.7002 4.7696 2.7531 4.0060 -30.4649 0.7456 0.9867 0.2636  3
2150+173 23 19 312.7846 1.6265 1.2503 1.0270 17.5772 0.6171 0.8477 0.4729  3
2155+312  9  6 280.9831 2.0272 0.4482 0.5315 31.4504 0.6178 0.2696 0.2632 11
2155-152 16 11 318.2692 13.3019 23.4350 19.4010 -15.0193 10.1909 17.9536 13.4420  3
2155-304 18 12 284.8919 4.4756 5.4724 3.8266 -30.2256 1.3359 0.8417 0.7206  3
2200+420 33 31 244.6678 753.2197 15.9171 6.4864 42.2778 331.1813 25.6220 7.1977  4
2204-540 20 14 196.1529 6.2860 4.0458 3.4756 -53.7761 1.2846 0.8504 0.5899  5
2205+166 11  8 317.6814 2.4326 4.4453 2.3985 16.8716 0.7032 2.5321 0.7563  7
2208-137  9  7 323.6952 1.5780 1.0176 0.7793 -13.4694 0.7930 0.5197 0.2871 11
2209+236 25 23 304.4035 6.6588 7.0616 6.6549 23.9279 3.2412 3.9646 3.2832  2
2210-257 14 11 300.8167 2.3063 2.3618 2.2145 -25.4917 0.8389 0.7804 0.5543  6
2214+350 17 14 272.6447 11.4436 2.7577 3.5099 35.3039 2.5323 0.6667 0.7204  4
2215+150  9  7 322.6216 2.3367 0.3591 2.3701 15.3433 1.5122 0.1701 1.6388  3
2216-038 30 26 334.0587 0.7045 2.7818 0.3577 -3.5936 1.2828 1.2389 0.4236  3
2220-351 12 11 275.2864 20.8735 17.2426 18.3519 -34.9298 2.2489 3.3339 1.4399  1
2223-052 30 27 335.1919 0.4754 7.3498 0.0818 -4.9504 1.3389 12.3013 0.1999  6
2227-088 21 16 333.6685 4.0993 2.6890 1.9992 -8.5485 3.2714 2.6074 1.6255  4
2229+695 25 21 116.7318 18.3291 5.7615 2.3589 69.7745 3.1504 0.7716 0.4859  2
2230+114 30 28 331.0889 1.2497 7.5753 0.5453 11.7308 0.6846 7.4524 0.3018  3
2232-488 20 16 224.0574 9.3337 33.2533 12.8285 -48.5997 0.9114 1.7673 0.5194  5
2235+731 13 10 97.0004 5.9118 2.0958 1.3577 73.3813 1.0313 0.2885 0.1931  3
2236-572 10  7 184.9844 7.0016 7.4088 6.6144 -57.0169 0.7386 0.8942 0.6773  2
2239+096  5  2 335.3897 13.2782 9.7593 9.3235 9.8979 4.4699 2.0656 1.7918 10
2243+047 10  8 340.1659 0.4201 0.2860 0.1913 5.0158 0.6819 0.5267 0.4125 12
2243-123 31 28 333.9694 4.9219 2.8204 1.7627 -12.1142 1.8243 0.9429 0.7783  4
2244-372 13 12 273.0800 8.7485 3.5741 4.2159 -36.9629 1.1582 0.5754 0.5566  1
2245-328 22 16 288.2615 4297.6590 11.1340 5279.0702 -32.5978 2932.7030 2.4071 3499.8314  8
2250+190 19 17 323.1692 10.9888 12.0846 9.3689 19.7096 2.3929 1.8414 1.6261  2
2252-090 15  9 339.7809 0.7296 2.1245 1.0452 -8.7345 0.8493 1.8598 0.8746  4
2253+417 20 16 255.3771 3.4620 3.4284 3.0861 42.0479 0.6346 0.6510 0.3897  3
2254+024 14  7 343.9348 0.4482 1.7718 0.3228 2.7215 0.7457 2.7804 0.5685  7
2254+074 25 20 341.2012 0.8407 4.0338 0.8776 7.7201 0.4309 4.4447 0.4288  2
2255-282 29 28 304.2748 9.3652 4.1607 3.2012 -27.9726 1.7604 0.6086 0.3183  1
2300-683 12 10 128.8766 4.8451 1.2171 0.9393 -68.1271 0.7435 0.2248 0.2278  2
2307+106 10  8 341.3184 13.6934 4.2123 5.2883 10.9252 12.3479 3.7688 4.4360 12
2309+454 11  7 242.8718 1.7250 1.2044 0.8682 45.7322 0.3338 0.2543 0.1594  5
2312-319 15  8 296.8576 5.1255 3.7739 5.0842 -31.6443 1.4222 0.7275 0.9831  3
2318+049 29 28 348.7287 2.6184 2.0459 0.6365 5.2305 2.9113 2.2432 0.5288  1
2319+272 20 17 310.7661 1.5714 5.0229 1.1977 27.5462 0.4178 1.6449 0.2631  5
2319+317 10  8 296.9999 8.7232 4.9307 4.3100 32.0688 1.2183 0.4433 0.3630  3
2319+444  9  7 248.9295 25.4021 9.7353 10.4484 44.7618 3.8331 1.1675 1.2358 12
2320+506 16 10 220.8140 2.2232 2.5886 1.9258 50.9644 0.4730 0.5285 0.3833  4
2320-035 21 18 350.3067 0.8479 3.1092 0.8463 -3.2847 1.2739 8.8990 0.9498  3
2325+093  5  2 346.8908 0.6862 0.3153 0.3018 9.6693 0.3941 0.1175 0.1352 10
2325-150 13  8 340.2752 222.0498 469.9278 206.2458 -14.7988 67.3365 288.1784 103.8035  6
2326-477 23 19 238.0024 8.6697 10.8440 10.4911 -47.5053 0.8445 1.9505 1.1704  4
2329-162 14  9 339.3260 1.6800 3.2334 0.8996 -15.9492 0.4955 1.5030 0.4622  8
2329-384 16 12 277.4188 3.9205 27.5564 3.9707 -38.1966 0.8990 3.6260 0.8702  8
2331-240 11  6 323.5992 3.4215 2.9273 2.9018 -23.7280 1.2738 1.0910 1.3790  4
2333-415 11  9 266.2329 11.5549 4.9231 4.9502 -41.2561 1.3316 0.8710 0.9968  2
2335-027 20 17 354.1472 0.5439 0.5229 0.2098 -2.5160 2.2311 2.3242 1.4835  4
2344+092 13  8 351.7492 0.8488 5.4668 1.1144 9.5126 0.4859 6.1193 0.5546 13
2344-514  8  6 223.7059 15.4686 15.2187 15.9240 -51.1767 1.5454 2.9566 1.7657  4
2345-167 16 12 342.2736 2.7243 3.0962 0.9495 -16.5200 1.0871 1.4178 0.4059 11
2351+456 17 12 249.6172 226.4183 56.0221 70.0675 45.8845 18.3363 2.2880 1.0196  4
2351-154 14  8 346.0473 1.9403 1.7930 1.4689 -15.2198 0.8140 1.0612 0.7980 11
2353+816  8  4 50.7137 1506.2986 16756.4663 2546.4543 81.8812 122.5640 2630.5450 216.2423  7
2353-686 16  9 132.5404 6.3170 4.0174 3.9166 -68.3343 0.6955 0.4588 0.4880  7
2355-106 26 23 353.7111 6.6517 2.5967 2.4661 -10.3357 3.0857 0.9633 0.9636  2
2355-534 19 14 215.3968 6.7846 14.7572 9.6374 -53.1871 0.9145 2.1501 0.5526  5
2356+385 21 19 280.2970 2.1831 0.7193 0.4961 38.8451 0.5290 0.1600 0.1346  2
2357-318 10  7 306.6592 30.2136 14.1324 13.8364 -31.5622 9.4267 2.7819 2.3394  3
2358+189 11  8 0.2699 0.7867 0.1672 0.4305 19.2427 9.9094 2.8306 4.7175  7
