0002-478 17 13 0.7744 0.5591 0.8005 0.4141 -47.6054 1.4412 2.6532 1.5266  4
0003+380 14 10 1.1673 0.7398 0.8345 0.7528 38.3375 12.3926 9.6827 12.0932  3
0003-066 27 25 1.5482 0.3354 0.4349 0.0584 -6.3931 0.6706 0.7919 0.1415  2
0007+106 16 13 2.5811 0.3259 1.1255 0.2368 10.9749 0.9221 1.1320 0.9835 10
0007+171 15 11 2.5207 1.3114 1.2897 0.9984 17.4052 1.0149 1.7562 0.8466  4
0008-264 25 21 2.4719 0.4981 3.1626 0.2337 -26.2093 0.7570 2.8878 0.4820  2
0010+405 19 16 2.5561 5.5057 1.8710 3.2194 40.8603 12.6085 4.4961 8.6027  6
0013-005 15 12 4.0462 0.3273 2.4005 0.1950 -0.2535 0.7928 2.0714 0.5847 10
0016+731 27 24 1.4067 0.4553 0.4835 0.1604 73.4583 0.5586 0.7646 0.2524  8
0017+200  6  2 4.6010 0.3417 0.0552 0.2556 20.3627 0.2977 0.0793 0.1836  8
0019+058 18 14 5.6029 0.3271 0.1488 0.0835 6.1345 6.5123 1.5772 2.2799  6
0025+197  9  6 6.6943 0.5646 1.1435 0.4083 20.0074 0.7916 1.7272 0.5465  7
0035+413 16 11 7.1794 0.3474 0.4851 0.2448 41.6183 0.5465 0.4376 0.4748  3
0035-252  9  7 8.6667 0.3901 0.1454 0.1383 -24.9840 2.9132 1.0878 0.7116 10
0039+230 14  8 9.6586 0.6196 0.7550 0.4426 23.3336 0.7036 0.7916 0.4647  2
0046+316 11  9 10.3480 0.2700 0.2060 0.1797 31.9570 0.6494 0.6076 0.4754  4
0047+023 10  8 12.4172 5.7484 2.1309 1.0078 2.6177 20.2312 9.5517 9.0761 12
0047-579 14 10 6.6891 0.7723 2.4190 0.5429 -57.6409 1.0707 2.1034 0.8142  6
0048-097 31 29 12.4989 0.3776 13.9138 0.0940 -9.4848 0.6594 23.9611 0.1665  6
0048-427 14 13 9.4381 0.7158 0.3906 0.3967 -42.4426 1.2020 0.6093 0.7086  1
0054+161 10  6 13.6500 0.2854 0.1332 0.1118 16.4204 0.3589 0.2845 0.1024  8
0055+300  6  4 12.4726 2.0943 0.5547 0.4692 30.3524 0.9386 0.4354 0.5456  4
0055-059  9  7 14.4502 0.7204 0.4222 0.4366 -5.6645 8.2476 1.7879 2.2204 11
0059+581 24 23 8.2210 0.4352 0.0733 0.0634 58.4031 1.6888 0.1288 0.1014  1
0104-408 27 25 12.6759 0.8136 0.6830 0.2345 -40.5722 3.7755 1.2999 0.8376  2
0107-610 10  8 8.4391 0.5213 0.7156 0.4043 -60.8301 0.6932 0.4092 0.2291  3
0109+224 23 20 16.6227 4.1676 3.8236 4.2620 22.7441 12.7179 7.4919 10.3070  2
0110+495 15 11 11.8506 0.3203 0.1564 0.1864 49.8067 0.3930 0.1552 0.2008  5
0111+021 27 24 18.4140 0.2777 0.8010 0.1623 2.3715 0.3951 1.3971 0.3791  2
0112-017  9  6 18.8152 0.7113 1.1734 0.8466 -1.4513 1.3432 2.3303 0.8584  3
0113-118 10  5 18.6628 0.3930 0.4738 0.2584 -11.6043 1.0749 2.0860 1.1606  3
0115-214 10  8 18.1385 1.5248 0.7813 0.5770 -21.1852 5.4030 1.6712 1.5687 10
0116-219 13 11 18.3408 0.4502 0.5778 0.2894 -21.6917 0.9592 1.2741 0.5005  7
0118-272 12  8 17.9339 0.8156 0.4359 0.6081 -27.0235 1.4238 0.8746 0.8787  7
0119+041 29 28 20.4273 1.1084 0.2456 0.1269 4.3735 3.9580 0.4679 0.2086  1
0119+115 27 25 19.9895 0.3107 0.4319 0.0601 11.8307 0.6434 0.3921 0.1006  2
0123+257 15 10 19.4870 0.3126 0.3444 0.2832 25.9837 0.5057 0.4908 0.2853  4
0130-171 12 10 22.1785 0.5973 1.7666 0.8324 -16.9135 0.7967 0.8829 0.5186  2
0131-522 18 13 14.3286 0.7752 1.0143 0.3643 -52.0011 0.7386 0.9078 0.2583  8
0133+476 31 27 16.2671 1.0637 0.1555 0.0533 47.8581 1.0333 0.1373 0.0856  4
0134+311 11  8 20.7348 0.3536 0.0480 0.0740 31.3766 0.6556 0.1875 0.1912  6
0135-247 14  9 22.2093 1.8433 1.0307 1.6452 -24.5150 4.3387 1.6391 1.5638  6
0138-097 19 14 25.0114 0.4421 0.2441 0.2607 -9.4788 0.6513 0.8036 0.4660  8
0146+056 13 10 27.1968 0.4329 0.8750 0.3281 5.9315 0.6933 1.5798 0.4882 13
0148+274 14  9 24.6597 0.3841 0.3162 0.3904 27.7449 0.6040 0.5000 0.5363  3
0149+218 25 21 26.0091 0.8218 0.9277 0.3759 22.1188 0.6558 1.0085 0.4442  3
0150-334 13  7 23.6809 1.1319 0.6057 0.9879 -33.1739 1.2110 0.9308 0.7531  4
0151+474 18 15 19.3298 0.2888 0.2121 0.1314 47.7240 0.3364 0.2538 0.2520  3
0153+744 15 11 7.7508 0.7843 2.6038 1.4413 74.7120 0.6735 1.9787 1.1346  6
0159+723 21 15 9.2637 1.4596 0.5410 0.3717 72.5482 3.2544 1.0971 0.6520  4
0201+113 28 27 30.3146 0.3154 0.2152 0.0755 11.5793 1.0346 0.5383 0.1932  1
0202+319 29 25 26.4585 0.2726 5.4344 0.0724 32.2084 0.3155 1.2797 0.1075  3
0202-172 17 11 29.8717 0.3680 0.3602 0.2490 -17.0222 0.6127 0.5317 0.2544  5
0206+136 10  6 31.4557 1.1156 0.1849 0.4974 13.8669 0.9733 0.8961 0.7404  6
0208-512 28 26 20.5664 1.2065 1.2159 0.3669 -51.0172 2.6761 1.6610 0.5470  2
0215+015 21 17 34.4380 0.2183 0.3234 0.0756 1.7471 1.7032 0.5202 0.3454  3
0219+428 11  8 26.0687 0.3979 0.5838 0.4767 43.0355 0.2371 0.3349 0.2588  6
0220-349 16 12 29.3824 1.4552 1.8827 1.1715 -34.6913 1.0842 1.1840 0.6466  5
0221+067 23 19 35.8500 0.7858 0.9586 0.3302 6.9898 1.1337 5.0593 0.7503  4
0224+671 17 11 14.3285 0.9589 0.7560 0.4500 67.3508 0.4113 0.6491 0.3316  7
0227-369  9  5 29.9485 2.5213 0.9939 1.2462 -36.7325 5.8832 0.8652 1.2196  3
0229+131 34 32 36.9111 0.4213 2.2226 0.0811 13.3819 0.7530 0.2839 0.1506  2
0230-790 21 17 7.2661 0.5375 3.5229 0.3912 -78.7960 0.5023 2.9865 0.3551  6
0234+285 36 35 34.5856 0.5282 0.5062 0.1429 28.8025 0.8603 0.2535 0.2044  1
0234-301 11 10 33.9220 0.6457 0.7716 0.6177 -29.8988 1.1382 0.9943 0.8158  1
0235-618 10  8 18.6523 1.7999 2.1124 1.3074 -61.6042 0.9596 2.0159 0.7375  4
0237+040 14  9 39.8525 0.3403 1.8598 0.3099 4.2726 0.5261 1.3785 0.5099 10
0237-027 18 15 39.8990 1.5202 0.5877 0.5976 -2.5780 6.3179 1.1170 1.2324  4
0237-233 17 13 36.8093 1.5821 2.6761 1.4905 -23.1544 2.1705 4.5775 2.1884  3
0238-084 17 12 39.8527 0.5896 0.3600 0.4123 -8.2558 0.7551 0.5011 0.3818  6
0239+108 22 17 39.8729 0.3914 1.9905 0.2330 11.0169 0.6548 6.6209 0.5236  4
0239+175  9  7 38.6756 3.1092 4.2144 4.2723 17.7163 7.6357 15.2221 11.1661 11
0248+430 15 12 31.2404 0.5036 0.6142 0.2961 43.2544 0.4207 0.2450 0.1906  5
0252-549 12  6 25.0641 0.7249 0.6548 0.4560 -54.6976 0.7138 0.4715 0.5130  3
0256+075 20 16 44.4483 0.3079 0.6240 0.2656 7.7943 0.7920 1.6563 0.5692  2
0256-005 10  8 44.8681 0.2656 0.1268 0.1111 -0.3333 1.0097 0.6281 0.3770 10
0300+470 31 27 31.1423 1.1541 0.5931 0.2156 47.2712 0.9210 0.4300 0.1816  4
0302+625 20 16 21.3963 4.2374 2.7487 2.0971 62.7172 12.4786 8.5759 6.9527  3
0302-623 20 18 21.4424 14.5977 14.5670 9.2107 -62.1904 18.9461 9.5964 5.3526  7
0305+039 11  9 46.9881 0.5025 0.2010 0.1936 4.1109 0.7660 0.4299 0.2898  4
0306+102 24 20 46.4755 0.3686 0.3440 0.2931 10.4879 0.6051 0.8109 0.4710  2
0307+380 11  9 37.4667 1.1946 0.2781 0.2273 38.2483 2.7255 0.6602 0.6108 11
0308-611 24 21 23.0369 4.0994 2.2169 1.0161 -60.9775 5.3830 3.0499 1.2548  3
0309+411 23 18 36.2359 6.8124 2.5871 4.9068 41.3337 16.7340 5.3269 11.2396  3
0317+188 14 11 47.2343 1.3478 0.5999 0.5005 19.0254 1.1316 0.7261 0.4722  2
0319+121 20 15 49.3026 0.3234 0.7481 0.1765 12.3539 0.7275 1.6474 0.2823  6
0322+222 14 10 47.5248 0.5480 0.3309 0.2865 22.4001 0.5913 0.3430 0.1862  3
0332+078 10  8 53.1988 0.4040 0.1829 0.1818 8.0040 0.7071 0.5202 0.4734 12
0332-403 17 12 40.9425 0.4538 0.7943 0.1517 -40.1404 0.4761 0.9084 0.1721  7
0333+321 25 19 45.7461 8.9001 2.7267 0.5984 32.3082 10.8264 7.9110 0.3552  4
0334-546 15  7 31.3379 1.9136 3.1385 2.3261 -54.5070 1.4227 3.2900 1.6013  4
0336-019 34 32 54.8525 1.3942 15.7754 0.1447 -1.7766 4.4929 12.8948 0.1035  3
0338-214 19 16 51.3724 1.6613 0.7156 1.0149 -21.3253 1.4150 0.8143 0.7038  6
0340+362 10  7 44.9872 0.4902 0.3701 0.4420 36.3701 0.5149 0.3054 0.3743  9
0342+147 23 18 54.3852 0.3090 0.7790 0.2996 14.8971 0.5453 1.4289 0.5200  3
0345+460 10  7 39.7034 0.7545 0.2684 0.2873 46.1666 0.6202 0.2309 0.2339  9
0346-279  9  7 50.5522 0.5553 0.2005 0.2419 -27.8204 0.6628 0.3507 0.4230 11
0347-211 10  8 53.6556 3.1418 1.7444 1.9053 -21.0466 2.0495 1.1801 0.4771 10
0355+508 36 35 37.7092 3.9500 2.9533 2.0053 50.9639 2.7358 4.4931 1.7223  1
0358+210 10  5 56.3576 1.0462 0.4095 0.6392 21.1746 1.1643 0.8874 0.8048  7
0400+258 21 16 54.6225 0.4786 1.3084 0.3147 26.0004 0.4954 2.2379 0.3901  4
0400-319 19 14 51.4991 1.3291 1.0421 0.7357 -31.7905 1.3055 0.8326 0.5715  3
0402-362 28 27 49.2765 6.3225 11.5322 5.2309 -36.0839 4.1482 5.1459 2.2052  1
0403-132 17 11 59.7850 2.3755 2.9193 2.1179 -13.1371 3.8447 8.8902 3.5243  7
0405-123 17 12 60.5542 0.2769 7.7195 0.2169 -12.1935 0.6994 0.7370 0.6893  3
0405-385 23 20 48.3624 1.0328 0.3750 0.2309 -38.4411 1.0016 0.4861 0.3053  3
0406+121 18 14 60.9120 0.4607 1.5977 0.3804 12.2944 0.8675 1.6918 0.7750  4
0406-127 18 12 60.7632 2.2437 1.9551 2.9288 -12.6467 6.7624 5.3797 10.4899  4
0414-189 21 17 60.7108 0.5624 0.9606 0.2122 -18.8523 0.7348 1.7352 0.3209  7
0415+398 10  8 49.7281 1.6625 0.4490 0.4505 39.9247 0.5364 0.1555 0.1848 11
0420+022 10  7 65.6635 0.2356 0.0646 0.0786 2.3241 0.3383 0.2430 0.1570 10
0420+417 17 13 49.1628 5.2753 2.9926 3.9430 41.8341 1.0400 0.7297 0.2327  4
0420-014 33 31 65.7978 0.4651 2.3038 0.1088 -1.3425 1.2424 7.0946 0.2473  4
0422+004 27 23 66.1915 0.2829 1.2802 0.1392 0.6018 0.8210 8.0771 0.4251  4
0422-380 21 16 52.1907 3.4204 1.7737 1.4591 -37.9391 3.5156 0.8246 0.6594  3
0426+273 17 15 59.8958 0.9294 0.3213 0.3385 27.4105 0.9166 0.3572 0.3971  4
0426-380 15  7 52.9736 1.5870 2.3348 1.0331 -37.9388 0.5931 0.9797 0.5474  4
0430+289 17 12 59.7734 1.0881 0.8636 0.6264 29.0987 3.5487 4.0329 3.0844  2
0434-188 29 28 65.5820 0.9011 1.4733 0.4644 -18.7468 1.3259 1.0129 0.6379  1
0436-129 10  8 67.9014 3.1018 1.9154 2.3615 -12.8509 3.6083 4.2729 2.8505 10
0437-454 21 19 49.0011 30.4805 94.1770 31.4324 -45.3729 15.9728 18.7149 4.7971  4
0438-436 20 12 50.7840 5.7595 3.2437 4.2863 -43.5524 2.0009 0.8146 0.7564  3
0440+345 16 13 58.2855 0.4705 0.2925 0.2844 34.6852 0.5695 0.3277 0.2907  8
0440-003 16 11 70.6601 0.4469 7.7550 0.4494 -0.2954 0.6310 31.3053 0.4040 10
0442+389 10  8 55.5994 3.7357 2.8211 2.4227 39.0048 11.5978 8.5688 8.8897 11
0446+112 20 15 70.8664 3.4821 0.5759 0.4913 11.3579 4.6057 1.0231 0.3769  5
0451-282 23 18 64.6533 1.8841 1.2372 1.3882 -28.1270 1.3942 1.7402 1.2656  2
0454+844 28 24 7.3507 5.3618 2.2989 1.8072 84.5346 4.9458 2.6715 1.1569  7
0454-234 30 29 68.1480 4.1378 0.3751 0.2858 -23.4145 2.7655 0.2141 0.1538  1
0454-463 10  7 51.1302 1.4446 1.1904 1.2762 -46.2663 1.1104 1.1049 0.5721 10
0454-810 22 19 11.3234 0.7406 1.8394 0.4565 -81.0173 0.3774 0.8549 0.2209  6
0457+024 21 18 74.8960 0.6046 0.4342 0.3150 2.4920 0.8478 1.1360 0.4334  2
0458-020 33 31 75.2581 0.3572 9.4199 0.0602 -1.9873 1.5909 9.7121 0.0968  3
0502+049 17 13 76.0566 0.1305 0.4944 0.1633 4.9952 0.1212 1.1697 0.3570  3
0506+101 17 11 76.1427 1.0120 1.1939 1.0052 10.1957 2.9456 3.3956 3.2599  3
0506-612 18 14 36.9877 0.9895 2.9740 3.2015 -61.1614 2.3594 0.5796 9.9823  9
0507+179 26 24 73.7114 0.4260 0.6729 0.2973 18.0116 0.4930 1.1113 0.4341  2
0515+208  9  5 74.2769 2.0443 0.9087 1.0173 20.9146 1.0693 0.6032 0.7127  7
0516-621 18 15 37.0319 5.0081 50.5478 4.8148 -62.1182 2.7727 38.4230 2.1018  7
0518+165 11  7 76.9290 1.5981 0.8561 1.4111 16.6395 0.5500 0.6806 0.2730  9
0521-365 23 19 64.9394 24.8435 82.1232 32.2355 -36.4586 11.1931 86.3165 15.4638  2
0522-611 16 12 38.9335 3.8740 3.5494 1.5464 -61.1325 1.8171 2.3660 0.6242 11
0524+034 10  7 81.7313 0.9971 0.6607 0.7770 3.5254 4.9968 3.1940 3.9339 10
0524-460 13  8 56.5674 3.4276 4.9990 4.1339 -45.9652 1.5101 3.9374 1.1273  3
0524-485 11  9 54.0387 2.7444 1.2760 1.0876 -48.5102 1.4922 0.8144 0.8673  2
0528-250 15 10 74.7649 0.5935 0.5584 0.4117 -25.0583 0.9813 1.1695 0.6957 10
0529+483 10  7 55.3360 0.6341 0.2339 0.2103 48.3813 0.4275 0.1064 0.0928  9
0530-727 15 10 24.4168 1.7605 3.6039 2.2932 -72.7579 4.9740 19.9585 9.3198  8
0534-340 14 13 69.7211 1.9040 5.6060 0.7886 -34.0199 0.9304 1.2184 0.7028  1
0534-611 11  8 40.4236 2.5483 4.2070 2.4783 -61.1020 1.0015 2.6654 0.9596 12
0536+145 20 16 82.1981 0.5223 0.7150 0.1726 14.5627 0.5924 1.7124 0.2403  4
0537-286 22 19 74.5611 3.6226 2.5848 1.7492 -28.6655 0.8606 1.3463 0.4544  3
0537-441 29 28 60.8470 1.7510 2.2296 0.3632 -44.0858 0.6655 1.9966 0.1738  1
0538+498 11  7 55.2244 0.6515 0.7993 0.7717 49.8520 0.4366 0.5238 0.5064  6
0539-057 16 12 84.9868 0.4460 0.3247 0.3689 -5.6971 1.0249 1.0871 1.0834  5
0544+273 22 19 77.1682 3.9544 1.3573 1.6644 27.3658 0.8482 0.5229 0.4599  5
0548+378 11  9 69.4917 4.5869 25.4181 7.7626 37.9070 3.6289 13.5350 5.0296 10
0549-575 10  7 46.9835 1.9817 1.9431 1.0222 -57.5401 1.1245 0.6179 0.4552  2
0552+398 36 35 68.2702 3.0482 0.2327 0.0856 39.8137 1.5773 0.1146 0.0627  1
0554+242  7  5 81.4042 0.3032 0.3986 0.1962 24.2320 0.5641 0.4762 0.3649  4
0556+238 24 21 82.1774 0.7869 0.7558 0.1876 23.8983 2.0217 1.4703 0.9118  3
0600+177 23 20 86.4880 0.6940 0.5312 0.3247 17.7047 0.5945 0.6311 0.3853  2
0602+673 20 18 35.4194 1.0670 0.4200 0.2337 67.3487 0.5289 0.1931 0.1323  2
0605-085 17  8 90.9690 0.6213 0.2397 0.3968 -8.5805 0.6324 1.2238 0.4945  6
0606-223 10  8 85.3254 0.5490 0.1157 0.1450 -22.3392 0.5863 0.3693 0.2801 10
0607-157 25 22 88.9676 1.3242 2.7226 0.5393 -15.7113 0.7244 1.5608 0.2462  7
0609+607 19 14 45.7023 0.6729 0.8260 0.4635 60.7727 0.3427 0.6580 0.2093  4
0611+131 13  9 91.0527 2.1884 1.6646 1.7891 13.1126 2.6472 1.7322 2.2797  5
0613+570  9  7 51.3413 1.4573 0.8841 0.9737 57.0212 1.9418 2.4106 1.9294 14
0615+820 18 13 13.3645 8.5171 1.2172 1.0964 82.0404 5.3677 0.8287 0.9273  3
0620+389 11  9 74.7236 4.8358 3.0168 3.1850 38.9469 3.0967 1.5345 1.7966  6
0627-199 10  8 91.4846 1.7364 2.6016 1.5371 -19.9888 0.8084 0.5600 0.3835 10
0629-418 13  8 72.7851 2.2465 4.3840 1.6363 -41.9075 1.3840 1.4005 1.0705  4
0632-235  9  7 90.4962 1.1115 0.5357 0.3230 -23.5867 0.6842 0.4971 0.3830  3
0636+680 20 16 37.6927 2.1557 0.8889 0.7408 67.9766 1.0199 0.3442 0.2618  3
0637-337 14 11 82.9953 1.9928 3.1565 1.9497 -33.7667 1.2980 1.9099 1.1064  7
0637-752 28 26 25.1556 8.7226 2.5765 2.6230 -75.2713 2.2266 0.6777 0.6003  2
0641+392 10  8 78.3908 1.0903 0.3487 0.3671 39.2465 0.8518 0.3054 0.2565 11
0642+449 29 26 72.0478 1.5132 1.0375 0.3041 44.8546 0.8226 0.7853 0.2651  4
0646-306 20 14 87.7201 6.4721 3.7591 2.6410 -30.7388 2.0574 1.7701 2.0176  3
0648-165 23 21 98.3120 2.4333 0.9296 1.0412 -16.6277 0.5887 1.3344 0.2679  7
0650+371  7  6 82.5501 1.0673 0.6878 0.6457 37.0946 0.8319 0.8675 0.6131  1
0656+082 17 14 103.7467 0.4865 0.1371 0.1024 8.2253 0.9913 0.2770 0.3229  4
0657+172 28 27 100.3341 1.6426 0.4997 0.6089 17.1560 0.5449 0.4471 0.2024  1
0700-197  9  7 99.3960 1.5314 1.0144 0.8300 -19.8561 1.0723 0.5405 0.4048  3
0707+476 24 18 72.7052 0.6217 1.6647 0.3007 47.5364 0.4026 0.7713 0.2357  7
0710+439 14  9 78.2172 1.7777 2.7588 2.0714 43.8214 1.0854 1.6913 1.1850  4
0714+457  9  7 76.5426 0.6379 0.3258 0.2661 45.6342 0.3022 0.1521 0.1181 12
0716+714 26 21 35.3396 2.0976 0.8603 0.3292 71.3434 0.5316 0.3321 0.0972  8
0718+792 24 22 20.9176 4.3029 0.2662 0.2107 79.1919 0.3993 0.0738 0.0420  3
0722+145 24 20 107.8128 1.8804 1.4428 1.2607 14.4205 0.6392 1.3468 0.5864  2
0723+219 10  8 103.5169 1.0738 0.2022 0.8537 21.8889 1.3877 0.2689 0.9364  3
0723-008 25 19 111.4468 0.6357 9.3812 0.2838 -0.9157 0.8750 2.6280 0.3596  4
0727-115 33 31 110.2458 1.6513 0.7794 0.2821 -11.6868 1.6719 3.2345 0.1554  2
0729+259 10  8 101.9379 0.5266 0.7442 0.3435 25.8108 0.5208 0.8604 0.3163 11
0733-174 14 11 108.6093 1.4633 4.9510 1.1611 -17.5968 1.7222 1.6268 1.2918  4
0735+178 22 19 109.1059 0.6585 0.4339 0.1638 17.7053 0.5926 0.8067 0.1925  7
0736+017 28 25 114.7794 0.3645 1.5978 0.2254 1.6179 0.3726 13.8403 0.1655  6
0738+491 16 13 75.7757 0.8838 1.0318 0.7700 49.0043 0.3893 0.6313 0.2590  5
0738-674 12  7 43.7270 25.8838 80.0584 33.3848 -67.5975 11.4290 33.9363 14.4941  5
0742+103 22 19 114.5530 0.7053 5.3712 0.1638 10.1869 1.1125 6.7413 0.2837 10
0743+259 24 20 104.9689 0.4705 0.3877 0.0805 25.8173 0.3578 0.3288 0.0871  3
0743+277 10  8 103.4080 6.1146 6.3870 6.0224 27.5831 2.9378 4.0780 3.3268 11
0743-006 22 16 116.4657 0.2377 8.5399 0.1764 -0.7382 0.5705 14.9437 0.2643  5
0743-673  9  5 44.4573 1.5869 1.3370 1.3751 -67.4404 0.5469 0.1427 0.3246 11
0745+241 25 22 107.0167 0.7635 0.8589 0.4674 24.0067 0.5471 0.5172 0.2799  3
0747+185 10  8 111.5030 0.6839 0.2139 0.4413 18.3865 0.4402 0.2312 0.2653 11
0748+126 26 20 114.9185 0.4430 6.3910 0.1574 12.5180 0.3484 3.4670 0.1511  4
0749+540 28 25 69.7038 1.3419 0.9855 0.4334 53.8832 0.6640 0.4407 0.1840  4
0754+100 21 13 117.4861 2.0355 3.0770 2.0094 9.9430 3.1177 5.7119 2.5579  4
0759+183 12  9 114.6856 0.8049 3.2808 0.5397 18.1637 1.1043 3.5571 0.7354  7
0800+618 11  8 57.4447 5.0680 6.7685 1.5684 61.7399 0.5112 2.5541 0.3067  3
0804+499 28 25 78.7817 0.7941 0.2199 0.1547 49.8435 0.3851 0.1003 0.0578  8
0805+046 12  8 121.6065 0.4068 0.4993 0.1664 4.5429 0.5047 0.6454 0.4737  4
0805+410 24 23 92.4217 2.4582 0.6566 0.6034 40.8791 1.2771 0.3167 0.3126  1
0805-077 11  5 120.9201 0.3598 1.2151 0.3828 -7.8527 0.5589 3.1189 0.4161  2
0808+019 24 18 122.8019 0.6539 1.5396 0.1846 1.7812 1.8695 1.9399 0.3700  2
0812+020  4  2 123.7764 3.0989 1.6800 1.6882 1.9165 6.0302 3.3541 3.4067  6
0812+367 22 16 99.4515 0.7791 1.6395 0.4888 36.5875 0.4358 1.0723 0.2604  4
0814+425 25 18 92.0173 24.0847 1.1030 28.6527 42.3793 5.0731 0.4951 5.7282  4
0818-128 15 12 122.0378 0.7029 0.5458 0.3095 -12.9831 0.5778 0.5469 0.5242  6
0820+560 22 20 70.7900 1.0383 1.0183 0.5932 55.8785 0.4024 0.5555 0.2588  2
0821+394 20 15 97.7130 8.7736 1.6392 2.2075 39.2783 2.3363 0.9801 0.5609  3
0823+033 30 28 126.2678 0.3208 0.1031 0.0589 3.1568 0.9534 0.9426 0.3424  4
0823-223  8  3 116.8704 1.4979 1.7214 0.9469 -22.5076 2.0089 0.8668 0.8640 11
0826-373 22 16 100.7468 1.8974 2.5966 1.2027 -37.5184 1.1447 1.4953 0.4172  3
0827+243 26 22 116.5085 0.4965 2.0783 0.3777 24.1833 0.3744 1.5102 0.2783  2
0828+493 20 15 83.6629 0.8990 1.4797 0.5783 49.2225 0.3625 0.6292 0.2534  7
0829+046 17 15 127.5602 2.4088 2.3352 1.6080 4.4942 7.0167 9.8973 8.7646  3
0831+557 13  8 72.7784 1.7910 2.3152 1.5122 55.5725 0.7788 1.1072 0.6975  8
0833+585 17 13 67.7411 1.8656 0.9866 1.2639 58.4172 0.4341 0.7849 0.4875  4
0834-201 19 15 121.1541 0.6215 1.5125 0.2641 -20.2832 0.5339 1.3983 0.1973  6
0836+710 16 10 42.6640 0.7387 0.8153 0.5943 70.8950 0.2761 0.9846 0.2303  4
0839+187 18 15 123.7077 0.9256 0.8140 0.5432 18.5947 0.6879 1.4213 0.5766  2
0847-120  9  7 129.5339 8.7025 7.3843 5.3070 -12.2265 6.1029 4.6149 3.9640  4
0850+581 11  7 70.9194 0.9849 0.5971 0.8289 57.9583 0.3734 0.2444 0.2799  5
0851+202 36 35 125.5535 1.7212 0.3742 0.3297 20.1085 1.3649 0.7043 0.2318  1
0854-108  9  7 131.6698 0.5000 0.2235 0.1929 -11.0873 0.5151 0.2828 0.1874  3
0859+470 20 14 92.8503 3.3722 2.4375 2.1538 46.8511 1.0499 1.3340 0.5133  5
0859-140 16  8 131.3938 7.7085 4.5471 5.4163 -14.2586 9.0789 3.5177 3.7729  5
0906+015 15 10 137.2534 18.3746 8.4667 9.6935 1.3599 72.6357 106.7880 52.4577  3
0912+029 17 13 138.4964 0.3538 0.1768 0.1022 2.7665 1.4257 0.9122 0.8514  3
0912+297 12  5 120.8841 1.2974 2.3639 1.1668 29.5567 1.0123 2.2569 0.9163  5
0917+449 19 13 99.6879 0.6921 0.8403 0.7086 44.6983 0.3134 0.4335 0.2811  4
0917+624 23 18 65.3413 1.0355 0.8555 0.4333 62.2645 0.3820 0.3473 0.1609  4
0919-260 27 25 125.8288 4.3094 2.2821 0.9324 -26.3121 2.3057 0.9761 0.6062  3
0920+390 19 16 109.6960 0.6704 0.2959 0.2195 38.8278 0.2990 0.2147 0.1347  2
0920-397 26 24 107.7883 11.1755 3.0389 2.8448 -39.9931 4.1745 1.4867 1.3550  2
0925-203 23 19 132.9052 1.4784 4.8428 0.9296 -20.5809 0.9061 5.2416 0.4549  2
0943+105  8  5 144.2898 0.3695 0.1231 0.1035 10.2850 0.5901 0.2595 0.4212 12
0945+408 19 13 111.6836 65.4351 13.7777 13.7932 40.6624 26.7611 10.6498 14.4475  3
0949+354 15 12 121.0248 10.5377 12.0348 10.6668 35.2146 3.7890 5.8075 5.0076  4
0951+268 10  8 132.8641 2.0348 1.7829 1.6195 26.6568 2.2520 2.0287 1.9269 11
0951+693 15 12 53.1983 1.2101 0.5594 0.5638 69.0653 0.4734 0.2957 0.2424  2
0952+179 16 11 141.6758 0.6571 1.9808 0.5433 17.7253 0.6484 1.8129 0.4192  2
0954+658 28 24 61.9232 1.6451 0.5640 0.5434 65.5652 0.5180 0.2322 0.1898  7
0955+326 23 18 126.2999 11.4827 5.2423 7.6214 32.4006 6.6057 3.8214 5.6261  2
0955+476 24 23 101.2122 0.7912 0.1952 0.1604 47.4188 0.3738 0.0839 0.0707  1
0958+346 10  8 123.9936 0.9730 0.6281 0.6627 34.4140 0.5029 0.4060 0.3947 11
1004+141 22 20 147.4476 4.3374 5.4136 3.9143 13.9416 6.3175 7.7047 5.5611  2
1004-500 13 12 96.8030 7.0302 12.4499 5.3154 -50.3037 1.0458 0.7926 0.6756  1
1011+250 14 10 139.2951 0.8640 0.9071 0.5839 24.8212 0.3511 0.8548 0.3404  3
1012+232 23 20 141.4557 1.4448 2.4888 0.6433 23.0213 0.9930 1.7261 0.4857  4
1012-448  8  6 108.4143 4.6733 5.7831 3.5555 -45.1448 1.8827 2.4378 1.8465  3
1013+054 10  8 153.3750 0.5117 1.8388 0.4310 5.2173 1.5305 4.5439 1.1738 12
1014+615 14 10 74.1870 13.7155 8.6711 9.6938 61.2743 2.9988 1.6638 1.7635  5
1015+057 10  8 153.9021 0.2687 0.4630 0.1637 5.5083 0.3836 1.3606 0.3995 12
1015+359 11  8 125.4868 5.1139 8.6615 4.0553 35.7110 2.9346 3.9000 1.8715  9
1016-311  9  8 131.9783 2.1367 2.3599 1.8928 -31.3983 1.1098 0.8754 0.7721  1
1020+400 20 15 119.6897 0.8779 1.9791 1.1296 39.8043 0.4036 0.8820 0.4419  2
1022+194 20 17 147.4940 0.5144 0.6622 0.5273 19.2057 0.5504 0.5345 0.4303  5
1022-665 11  9 61.4774 5.3186 7.3157 4.6812 -66.7802 0.8526 2.3074 0.5948  2
1023+131  5  2 152.5369 0.8923 0.4372 0.3934 12.8970 0.6599 0.2642 0.3950  6
1027-186 10  8 148.9196 11.7221 17.5076 16.5497 -18.8806 14.9603 5.9372 7.8365 10
1030+074 16 13 157.1461 0.6514 0.3222 0.1900 7.1906 1.1471 0.5876 0.4157  2
1030+415 24 18 118.9568 7.1507 5.3325 4.0543 41.2684 1.9745 1.7861 0.7181  2
1032-199 18 13 149.0010 1.2916 1.3711 1.0127 -20.1929 0.9555 0.4565 0.4433  4
1034-293 30 29 138.5700 3.2096 2.3321 1.3963 -29.5674 1.1730 0.2650 0.2765  1
1034-374 11 10 125.9169 4.0631 2.9971 3.3388 -37.7375 1.1482 1.5936 0.8889  1
1038+064 20 15 159.3924 0.4604 1.4024 0.3214 6.1714 0.7457 1.6698 0.3553  4
1038+528 23 20 97.5441 1.6025 1.6142 0.5218 52.5578 0.8430 0.4394 0.2351  2
1039+811 23 19 25.4482 17.6253 4.1567 2.6741 80.9110 3.3075 0.9295 0.3212  3
1040+244 12  9 146.7230 0.6045 2.7171 0.2654 24.1432 0.4134 1.8335 0.1684  7
1042+071 12  7 160.0560 0.3320 0.8035 0.2252 6.9273 0.7187 1.4582 0.7085  6
1045-188 20 16 153.0523 1.7045 4.0923 1.7551 -19.1599 1.2251 1.6997 0.8045  6
1048-313 13  9 138.5799 6.3084 5.0511 4.5615 -31.6373 2.9336 1.9806 1.5119  6
1049+215 21 17 151.7899 0.7136 1.4482 0.7259 21.3312 0.6764 0.9804 0.5174  3
1053+704 21 18 55.6392 17.0677 8.6189 6.5880 70.1961 5.7766 2.7221 2.1936  2
1053+815 27 26 25.0532 14.5004 2.6179 0.9487 81.2424 3.7505 0.5636 0.2550  1
1055+018 30 27 164.5618 0.4434 0.2854 0.2859 1.5663 0.9735 1.0354 0.5321  5
1057-797 28 27 28.4123 13.1331 8.0708 4.0444 -80.0650 3.7196 2.0401 1.0137  1
1059+282 10  8 146.2449 1.7176 1.1539 1.0178 27.9524 1.6185 0.9640 0.9526 11
1101+384 22 21 130.5258 0.8655 0.3883 0.3277 38.2088 0.3992 0.1585 0.1256  1
1101-536 19 14 97.6700 51.6668 12.4400 17.4649 -53.9502 23.6706 3.5688 4.7489  4
1104+728  7  4 50.0745 17.8403 3.0753 4.3107 72.5433 6.4090 1.3935 2.0379 14
1104-445 28 26 118.3081 7.3235 16.6139 1.8239 -44.8188 0.9562 8.1286 0.3089  2
1111+149 24 20 162.9738 7.0339 2.2894 2.8906 14.7075 10.5940 2.7980 4.1145  3
1116+128 14  9 165.6649 0.6941 0.2757 0.5037 12.5783 0.5264 1.0029 0.4114  4
1116-462 10  6 116.6012 2.5003 3.6059 1.7215 -46.5708 1.7295 2.9645 1.5236  7
1123+264 25 21 153.8930 6.8382 3.4209 4.4536 26.1722 2.0795 0.8765 0.9382  3
1124-186 28 26 162.4541 4.5800 2.4292 1.3502 -18.9548 2.4707 0.3818 0.3987  2
1127-145 20 15 166.7868 1.6402 3.1151 1.8376 -14.8243 1.1396 12.2575 1.1630  5
1128+385 28 26 135.6319 1.0481 0.4312 0.1235 38.2552 0.4154 0.3990 0.0585  2
1130+009 25 21 173.3213 0.3117 0.6410 0.2628 0.6813 0.6121 4.1547 0.4725  2
1133-032 10  8 173.7761 0.9336 0.4695 0.5458 -3.5082 2.2030 0.9887 1.0341 10
1143-245 15 12 160.2631 2.1192 3.4428 1.7414 -24.7925 1.1883 1.3823 0.9796  6
1143-696 10  7 60.6454 4.1606 5.5420 3.7587 -69.9005 0.6746 1.9672 0.5001  2
1144+402 31 27 135.4401 11.9230 1.9237 2.5072 39.9762 4.8652 0.7164 0.8994  2
1144-379 27 26 138.8989 11.0780 10.9990 2.6105 -38.2031 3.9000 5.8300 1.2003  1
1145+268 10  8 158.2712 0.9232 0.2885 0.2813 26.5951 0.5025 0.1889 0.1974 11
1145-071 27 25 175.4863 11.2153 3.8540 2.2135 -7.4114 11.6359 4.6210 3.5018  2
1147+245 19 14 161.8492 0.3518 0.2682 0.2547 24.2983 0.2552 0.2133 0.1644  3
1149-084 10  8 176.0302 3.2288 1.5297 1.3417 -8.6843 2.2672 0.5175 0.4492 10
1150+497 16 12 115.7851 0.9026 2.0601 0.8820 49.5191 0.3604 0.8527 0.3938  3
1150+812 23 20 27.9702 73.4784 15.7138 20.2016 80.9748 21.0138 4.3688 5.2697  7
1156+295 29 28 156.9538 14.9594 0.7335 0.6201 29.2455 5.2513 0.8393 0.6080  1
1156-663  9  6 71.4341 5.7440 3.6443 3.4080 -66.5943 1.0255 0.6927 0.4989  3
1212+171 10  8 175.8205 13.0627 10.1467 8.4089 16.9105 15.0992 11.9492 7.8945 11
1213+350 18 13 151.0687 1.3712 3.8110 1.2533 34.8042 0.7202 1.5531 0.7502  5
1213-172 23 21 175.4030 3.0999 2.4429 1.4414 -17.5293 0.8124 0.8568 0.3017  7
1215+303 20 14 159.5647 0.8765 1.1779 0.7546 30.1168 0.5067 0.5811 0.5001  2
1216+487 20 16 122.4393 1.0222 1.7801 1.1234 48.4989 0.3536 0.5710 0.3711  3
1219+044 24 22 185.0905 6.3018 0.2112 0.1898 4.2210 6.9259 0.2238 0.1294  2
1219+285 16 11 163.3275 1.5184 0.9998 1.1271 28.2329 0.6772 0.5677 0.4940 11
1221+809 22 19 30.1481 1.0881 1.4686 0.8364 80.6679 0.2955 0.3885 0.2534  4
1222+037 13 11 185.8683 0.6433 1.2645 0.3907 3.5140 0.8210 1.0677 0.5392  2
1222+131 10  8 181.5739 0.5233 0.6088 0.4971 12.8870 0.6075 0.8629 0.6434  4
1226+373 20 15 149.2992 0.9443 0.5616 0.4534 37.1034 0.4368 0.2332 0.2360  3
1228+126 28 25 183.3334 1.7893 3.4659 0.4160 12.3911 1.8638 3.2975 0.3434  2
1236+077 19 17 188.2262 0.3941 0.2427 0.2745 7.5048 0.5055 0.4291 0.2814  5
1237-101 16 13 186.8144 0.6441 0.5798 0.3193 -10.3913 0.5473 0.5217 0.3348  4
1240+381 17 13 150.5916 1.3480 1.2495 1.4668 37.8500 0.4493 0.4758 0.4606  4
1243-072 24 21 189.8735 0.4945 1.0452 0.1568 -7.5129 0.4795 1.7189 0.2536  4
1243-160 10  8 183.7970 1.0157 1.0304 0.7487 -16.2794 0.5042 0.7577 0.6465 10
1244-255 27 25 172.5909 2.6900 1.1750 0.8078 -25.7970 1.2304 1.6028 0.2835  3
1251-713 20 16 61.0335 4.0432 4.7142 2.8667 -71.6385 0.7331 1.0888 0.4676  6
1252+119 23 17 189.6460 0.9706 0.6883 0.5107 11.6850 0.9443 0.8549 0.6333  3
1253-055 21 19 193.0568 1.5877 5.9995 0.8327 -5.7893 2.7176 15.7774 2.4907 14
1255-177  9  7 185.1314 7.9557 4.7466 3.7427 -18.0009 6.2684 1.8508 1.8086 11
1255-316 25 22 165.0834 36.8867 145.7512 39.7681 -31.9213 11.4952 29.0143 6.6420  2
1257+145 13  8 189.0522 0.9825 4.9285 1.2666 14.2885 0.7411 2.2716 0.6059  3
1300+580 22 21 104.2636 2.6046 1.2557 0.7584 57.8104 1.2098 0.4456 0.3017  1
1302-102 20 15 193.0643 1.2255 5.1933 1.1512 -10.5554 0.9491 4.6759 1.3630  4
1306+360 10  8 159.9060 21.8730 11.1671 10.7054 35.7770 10.8916 4.5474 4.8557  5
1307+121  9  5 193.1444 0.5212 1.3341 0.2779 11.9068 0.5465 0.1915 0.1284  3
1308+328 20 17 166.6680 0.8416 0.3643 0.2674 32.5596 0.4873 0.1637 0.1519  2
1308+554  9  6 112.7762 1.7173 2.0507 1.4290 55.2318 0.7211 0.6435 0.4978 11
1313-333 28 27 165.6833 2.6127 5.5505 1.1213 -33.6498 1.0136 0.5787 0.3141  1
1315+346 17 13 164.4878 1.1645 2.1486 0.8375 34.4211 0.4533 0.8692 0.3736  2
1324+224 23 20 186.8235 3.2723 3.4678 1.2898 22.1806 2.3107 2.2073 0.8044  2
1325-558 11  9 112.7068 6.9913 7.4526 7.1165 -56.1341 1.3224 2.0585 0.9761  2
1327+504  9  5 129.5934 2.9081 1.1765 1.1163 50.1573 1.1239 0.5255 0.5586 12
1334-127 29 28 199.2112 4.9744 0.2856 0.2654 -12.9569 4.4443 0.2143 0.1865  1
1342+662 20 16 83.6310 1.3604 1.0785 0.4792 66.0405 0.3251 0.3346 0.1069  3
1342+663 26 22 83.4632 1.2064 1.3158 0.9865 66.1032 0.4189 0.3316 0.2222  8
1347+539 16 12 122.8150 1.1916 2.4445 0.9914 53.6881 0.3714 0.7694 0.3044  3
1348+308 10  8 178.8271 28.9945 10.3080 8.0788 30.5816 17.7232 5.9776 5.8135 11
1349-439 22 18 149.2579 9.8734 8.9508 13.8193 -44.2112 1.3898 3.5298 1.7194  2
1351-018 25 24 208.3886 2.2654 2.4381 0.3128 -2.1009 4.2108 0.6465 0.5638  1
1352-104 16 13 205.0760 5.4520 1.9917 1.9853 -10.6841 4.8573 1.5770 0.9724  3
1354+195 27 22 197.4852 4.1758 5.9870 3.0604 19.3187 2.3571 2.1687 1.2315  4
1354-152 23 19 201.7258 1.3194 1.0548 0.6596 -15.4580 0.7794 0.5623 0.4448  5
1354-174 12 10 199.3309 2.7155 1.7356 1.4329 -17.7339 1.5067 1.0395 0.9157  3
1357+769 27 25 48.1109 1.6391 4.4236 0.2089 76.7225 0.5217 1.1531 0.0571  3
1402+044 17 14 210.6710 2.3870 1.3600 1.8282 4.2600 7.0685 2.4992 3.1884  4
1402-012 14 10 211.1183 0.8902 2.2407 0.5888 -1.5061 1.3100 1.4934 0.7160  3
1406-076 23 18 210.2343 7.2227 1.6538 3.6197 -7.8741 7.7408 0.9208 2.2679  3
1406-267 10  8 189.3692 35.2834 29.0752 25.0593 -26.9603 17.0084 10.0337 9.8955 10
1412-368  9  8 170.5907 2.4641 19.6140 1.7051 -37.0908 1.4450 4.7750 1.0410  1
1413+135 21 16 208.2211 8.0912 4.9757 5.1674 13.3399 15.9210 5.7785 8.2636  4
1417+273 11  6 191.3810 0.9228 0.6529 0.7227 27.1071 0.4754 0.4639 0.4598  4
1417+385 20 18 168.5355 1.7620 0.7382 0.2455 38.3635 0.7531 0.3240 0.1309  2
1418+546 32 29 125.1622 3.2722 19.0251 3.8556 54.3874 0.9818 3.0580 0.7656  2
1420-679 10  7 80.5368 6.9340 10.2034 6.8305 -68.1328 1.0381 3.1821 1.1540  3
1423+146 11  7 209.6391 0.8273 0.5716 0.5334 14.4158 0.8824 0.6283 0.5864  6
1424+366 12  8 174.3405 9.8374 7.0297 5.9853 36.4193 3.9784 3.1624 2.3175  7
1424-418 28 27 160.9836 2.1806 4.2132 0.6263 -42.1054 0.6005 0.2465 0.1692  1
1428+370  8  5 174.2541 16.3415 5.5609 6.4092 36.8177 7.2625 2.3034 2.7472  4
1432+200 19 14 205.6519 8.9336 13.2466 10.3068 19.8669 5.7455 12.3306 6.7328  3
1435+638 18 13 97.4239 1.4069 2.8859 1.1797 63.6105 0.3166 0.9768 0.3202  3
1435-218  9  3 203.4357 2.0933 4.2602 1.3198 -22.0819 0.8679 0.5818 0.6170  4
1441+252  8  5 200.2349 2.2856 1.1874 1.1167 25.0290 2.0178 0.8427 1.0180  5
1442+101 18 12 217.9719 0.7762 2.1268 0.4970 9.9767 0.6016 2.1754 0.4557  3
1443-162 19 14 212.3699 0.8600 0.8856 0.8196 -16.4838 0.8124 0.7874 0.4897  2
1445-161 18 16 213.0932 0.9338 1.5502 1.2541 -16.3402 1.0170 1.5730 0.8152  3
1451-375 27 25 176.7077 12.5982 5.6472 4.6877 -37.7925 4.3663 1.0817 1.1635  2
1451-400 22 18 170.7904 105.0581 74.5041 66.3685 -40.2090 29.5067 5.8640 6.1893  3
1454-354  6  5 182.3080 10.5485 8.0276 7.9605 -35.6528 2.8327 1.9144 1.4567  1
1456+044 10  8 224.1233 0.3826 1.1693 0.2524 4.2705 0.5435 0.6054 0.3224 12
1459+480 23 18 151.1151 1.0714 4.2252 1.0527 47.8543 0.3284 1.3936 0.3200  3
1502+036 21 17 225.8688 0.3529 0.3171 0.1624 3.4419 0.5327 0.9152 0.1761  2
1502+106 30 25 222.3221 1.3642 4.3848 0.4842 10.4942 1.3800 2.0719 0.6403  3
1504+377 21 15 179.6918 21.9532 6.3257 10.6648 37.5142 12.2387 3.2726 6.5054  4
1504-166 22 17 217.0052 4.6002 2.9136 2.8411 -16.8751 2.4380 1.2838 1.0729  3
1508+572 14 11 123.7608 2.9952 2.2914 2.3344 57.0454 0.5579 0.4410 0.2584  5
1508-055 12 10 226.5899 2.7239 1.7892 1.6858 -5.7187 3.5219 1.0068 0.9648  3
1510-089 28 25 225.3383 1.2072 1.1840 0.3430 -9.1000 0.8910 2.2631 0.2823  5
1511-100 15 10 224.8267 0.7147 1.3406 0.5421 -10.2001 0.6775 1.7758 0.4888  7
1511-476  6  5 153.5757 4.9246 4.5110 4.1453 -47.8083 1.1573 0.9586 0.8709  1
1514+197 21 17 216.0386 1.0394 0.8360 0.4963 19.5369 0.6332 0.7006 0.4452  2
1514-241 24 19 208.9791 1.3886 0.6484 0.4445 -24.3721 0.8827 0.6465 0.2343  2
1519-273 29 28 204.5897 14.7251 7.9161 2.0644 -27.5030 3.8582 1.3309 0.2816  1
1519-294 11  8 200.4970 4.0338 3.9321 2.6422 -29.6070 1.0549 2.5813 0.5947  7
1520+319 10  8 196.0684 1.2555 0.4662 0.2920 31.7373 0.3567 0.2155 0.1367 11
1520+437  9  7 166.8600 1.5101 0.2655 0.2924 43.6109 0.9333 0.2547 0.2434 12
1522+155  4  2 222.9204 1.5535 0.2826 1.0501 15.3558 1.6405 0.3815 1.2928  6
1532+016 17 14 233.6366 0.3702 1.7191 0.2232 1.5178 0.4630 1.5509 0.3794  4
1538+149 21 12 227.4070 49.2795 4.1309 3.0912 14.7961 15.0857 2.1694 1.3667  6
1546+027 26 23 237.1251 0.2886 1.3338 0.1208 2.6170 2.2077 3.2804 0.4575  3
1547+507 14  9 150.5241 1.6655 3.6250 1.1811 50.6349 0.3913 1.0929 0.2743  6
1548+056 26 19 236.5715 14.8400 23.1090 9.0759 5.4529 22.8972 69.1867 14.4208  3
1549-790 14 11 44.6885 3.5102 9.1908 4.0775 -79.2345 0.7474 2.2606 0.9660  5
1555+001 26 21 239.4643 0.5200 0.7556 0.2691 -0.0307 0.7300 1.4443 0.2827  6
1556-245  8  6 217.9527 3.8617 1.8687 3.1217 -24.7108 1.1058 1.1359 0.8147  7
1557+032 19 17 239.5325 0.9260 0.3191 0.3282 3.0801 17.4142 6.9355 10.2952  4
1600+335 18 15 200.6950 1.4708 1.0173 0.9659 33.4481 0.4815 0.3899 0.3351  5
1601+112 10  8 236.4202 0.8342 0.4266 0.3184 11.0969 0.3937 0.9532 0.2661 12
1602-115  9  7 236.3453 1.4501 0.3502 0.3662 -11.6575 0.8352 0.3940 0.3271  3
1604-333 20 17 201.6681 6.2465 6.2284 6.3201 -33.5191 1.2261 1.4903 0.8182  3
1606+106 29 25 238.1481 0.5287 0.5539 0.0837 10.4855 0.4974 0.8719 0.0765  3
1608+243 11  8 221.2673 7.9784 3.4072 3.8571 24.2469 12.2028 5.0166 6.9498  7
1610-771 26 22 53.7906 20.0239 11.4605 3.2591 -77.2885 7.6347 2.8444 1.5621  2
1614+051 24 21 243.2302 0.6159 0.2674 0.4210 4.9924 1.1899 0.4695 0.5298  3
1615+029 10  8 244.1705 0.4596 0.2910 0.2618 2.7786 0.8944 0.6212 0.5882 12
1616+063 20 17 243.3257 1.0200 1.8635 0.6807 6.2173 0.6374 0.6894 0.5735  3
1617+229 11  7 225.6885 2.9164 0.9056 0.8243 22.7966 2.5668 0.6380 0.6269  7
1619-680 18 12 91.5705 4.2490 17.8351 4.7541 -68.1535 0.5014 1.9319 0.4326  6
1622-253 29 28 222.5108 4.0248 0.6403 0.6026 -25.4606 1.5846 0.3022 0.2213  1
1622-297 22 17 213.8029 1.8477 2.6453 1.5597 -29.8575 0.6821 0.7431 0.4405  3
1623+578  9  7 131.5500 7.4997 10.3156 5.7798 57.6879 3.4103 5.3136 3.2267 14
1624+416 22 19 184.3879 1.3343 9.3003 1.0628 41.5780 0.4255 3.0506 0.3319  3
1624-617 12 10 116.5356 4.1304 5.5714 3.6162 -61.8768 0.7358 1.6299 0.7407  2
1633+382 28 24 195.7082 2.8110 13.2676 0.8276 38.1346 1.0146 7.0523 0.2489  4
1636+473 10  7 169.1821 14.6713 5.8434 6.4235 47.2927 8.1012 3.3853 4.0523  9
1637+574 34 31 134.6736 3.0119 16.3336 1.4874 57.3400 0.7063 4.4549 0.4428  2
1637+826 19 18 32.2252 5.8677 14.4943 0.8771 82.5379 0.7644 3.3191 0.0785  1
1638+398 32 27 192.2231 1.3685 17.4678 0.3193 39.7795 0.4018 6.3352 0.0687  2
1639+230 19 17 230.5365 0.8313 1.0064 0.3269 22.9511 0.4328 0.6290 0.1900  2
1639-062 10  8 248.9690 0.3821 0.1040 0.0927 -6.3566 0.3327 0.2036 0.1269  3
1642+690 32 29 90.0099 2.2001 24.6991 0.5906 68.9444 0.4615 5.2305 0.1401  3
1647-296 12 10 219.4076 3.0071 1.7460 1.7812 -29.7297 1.2011 0.9152 0.8265  4
1651+391 10  8 196.6761 2.7006 6.5286 2.5751 39.0472 0.6060 2.3644 0.4061 11
1652+398 27 22 194.8477 1.4063 6.8673 0.5971 39.7602 0.4246 5.4235 0.1819  3
1655+077 19 11 252.2478 0.9161 11.5510 0.7052 7.6910 0.4923 18.7465 0.3443  3
1656+053 22 16 253.5693 1.0300 1.8784 0.9042 5.2546 0.6245 1.0745 0.4209  6
1656+477 14  9 171.5182 214.5040 16.2789 19.2136 47.6303 47.0857 2.3300 2.5767  2
1656-075 10  8 252.4139 1.2041 0.5534 0.5031 -7.6549 1.1372 0.5990 0.5741  5
1657-261 28 26 229.0369 2.7038 1.9489 1.1249 -26.1810 0.5979 0.8091 0.2296  2
1657-562 11  9 141.4846 7.9292 8.4962 5.0690 -56.3655 1.1258 1.1760 0.6675  2
1659+399  9  7 195.8682 5.7160 3.5792 2.7968 39.9103 5.8081 4.7721 4.0627  3
1659-621 12 10 119.3055 3.4552 3.5522 2.0109 -62.2111 0.6806 0.8475 0.4800  2
1705+018 22 19 256.7648 5.2032 1.7829 0.7738 1.8127 4.3283 0.6403 0.3651  3
1705+456 14  9 179.6809 0.8972 3.1229 0.6966 45.6029 0.2581 0.6624 0.1854  3
1706-174 24 21 245.5052 2.5899 4.8264 2.2096 -17.4815 0.7596 2.2038 0.6511  2
1717+178 25 21 247.4341 2.7176 4.0165 2.1777 17.7518 0.9598 3.1309 0.7560  3
1722+330 10  8 218.8158 1.6849 1.3602 1.2085 33.0511 0.5198 0.4395 0.3576 11
1725+044 15  9 261.3134 0.4751 0.7210 0.3858 4.4514 0.4906 1.3387 0.4370  2
1725+123 12  8 256.0526 1.3823 0.7303 0.8225 12.2610 1.0870 0.8582 0.8671  7
1725-795 10  6 47.5577 8.4262 12.7768 4.3419 -79.5988 2.3192 2.7118 1.1018  2
1726+455 24 23 183.5078 2.5938 0.6175 0.2969 45.5110 0.7666 0.1311 0.0720  1
1730-130 29 26 256.4305 1.5345 1.5368 0.5171 -13.0804 0.6606 1.1771 0.3607  4
1732+389 23 17 204.9479 1.6628 2.1392 0.9322 38.9643 0.4342 1.0940 0.2725  3
1738+476 22 17 178.5697 2.6454 3.2895 1.9183 47.6329 0.6090 0.7839 0.4387  4
1738+499 16 13 170.5430 1.7257 2.0440 1.2264 49.9176 0.3855 0.3296 0.3026  6
1741-038 35 34 265.3997 2.1095 0.6722 0.1231 -3.8346 6.0763 2.3530 0.2412  1
1743+173 24 20 254.2984 5.7263 3.2921 3.5330 17.3337 10.3642 4.8452 5.8011  3
1744+557 12  9 150.0125 1.2487 1.1258 1.0473 55.7048 0.2793 0.2945 0.2558  2
1745+624 18 17 123.2953 2.2680 0.5280 0.4686 62.4485 0.5796 0.2157 0.1627  1
1746+470 18 14 182.0641 1.7778 3.2539 1.6712 46.9808 0.3380 0.5845 0.2932  3
1749+096 35 33 264.0960 7.9518 4.8913 0.2081 9.6502 4.1202 1.6839 0.1119  2
1749+701 20 14 90.9392 20.5914 32.3176 13.9155 70.0974 0.7388 5.0345 0.4024  5
1751+288 22 16 235.2213 3.2730 1.9609 0.8574 28.8014 0.3368 0.7587 0.1072  3
1751+441 15 10 192.5007 1.2395 2.7927 1.1058 44.1627 0.3340 0.9867 0.3238  3
1754+155 11  9 259.3176 1.3392 1.4838 0.8952 15.5891 0.6171 0.5147 0.4022  4
1758+388 21 19 210.4765 2.8155 0.8936 1.0073 38.8085 0.9314 0.2897 0.2837  2
1758-651 17 12 113.9214 18.4912 99.1779 28.2475 -65.1269 7.4139 30.4928 8.7912  7
1759-396 10  8 208.3533 16.1135 7.1098 6.0876 -39.6689 2.8557 1.1829 0.7210  5
1800+440 21 16 194.2598 6.4752 5.9760 3.1182 44.0728 2.3014 2.0715 1.1227  3
1803+784 35 33 54.0162 8.6294 1.0754 0.5158 78.4678 1.3787 0.1653 0.1286  2
1806+456 16 11 190.0129 2.6168 3.6331 1.2730 45.7058 0.6733 0.8125 0.3022  3
1806-458 13 11 189.7050 8.8358 3.4983 4.9669 -45.8781 1.4479 0.6469 0.4875  2
1807+698 32 29 93.7124 1.4316 22.9024 0.2231 69.8245 0.2703 4.1763 0.0432  4
1815-553 27 26 156.2972 66.7271 24.8480 10.3065 -55.3558 15.8926 7.8336 4.2640  1
1821+107 22 16 271.1770 8.8504 5.5755 5.0907 10.7399 2.1823 1.4198 1.0874  4
1823+568 34 31 150.9403 57.0690 22.3603 3.7334 56.8504 10.0210 4.9771 0.6267  2
1823+689  8  6 99.0281 2.5944 0.5181 0.7946 68.9646 0.3063 0.1536 0.1649 13
1830+285 14  9 244.3558 1.4588 2.7750 0.9994 28.5600 0.5159 1.4477 0.3700  3
1831-711 14  7 90.2831 3.2798 2.5234 3.7756 -71.1454 0.5899 0.5177 0.6135  8
1842+681 23 17 104.4162 6.3443 4.6245 4.4430 68.1570 3.8779 1.7644 3.1100  8
1845+797 15 12 49.8166 3.1603 3.6813 2.8658 79.7714 0.5786 0.7658 0.5610  2
1846+322 10  8 238.3959 2.3383 0.8387 0.7251 32.3174 0.8543 0.4242 0.2677 11
1849+670 23 21 109.8794 1.2853 2.2127 0.7636 67.0949 0.2814 0.4646 0.1317  2
1856+737 19 15 78.8965 2.3160 4.5336 2.2540 73.8555 0.4000 0.9245 0.4342  3
1901+319 17 14 242.3288 1.5232 1.7723 0.9762 31.9949 0.4040 0.6598 0.2751  5
1903-802 11  9 49.2057 2.1843 7.8720 1.8643 -80.1683 0.4412 1.6396 0.3952 11
1908-201 27 25 270.2357 2.9659 4.1272 0.8199 -20.1153 1.5063 0.4248 0.3071  3
1909+161 10  8 276.5627 1.6614 0.7659 0.6665 16.1964 0.8592 0.4365 0.4276 11
1920-211 24 21 271.4253 9.5657 4.6182 4.1077 -21.0759 2.1716 1.5173 0.4570  3
1921-293 34 33 254.1026 5.0579 17.9797 1.2877 -29.2417 1.2023 7.3353 0.4106  1
1923+210 30 26 271.9411 1.1087 23.5764 0.5095 21.1073 0.4502 1.2090 0.1318  3
1925-610 18 13 142.1055 6.3482 8.5472 8.8171 -60.9359 0.7215 1.9715 1.0016  6
1928+738 22 18 80.6340 4.5485 2.6563 2.3075 73.9671 1.2248 0.6181 0.4625  7
1929+226 19 14 270.1188 11.5658 4.7868 4.6403 22.7253 3.0421 1.4569 1.2599  3
1932+204 14  7 275.1313 1.0711 0.9899 0.7517 20.5317 0.7657 0.7071 0.4480  4
1933-400 24 20 225.5689 17.9784 6.2089 7.2554 -39.9671 2.7478 1.5683 0.9951  2
1935-692 16 11 105.1193 51.2518 157.9533 91.3643 -69.1325 16.3039 30.7164 26.9126  8
1936-155 25 21 284.2350 4.9324 6.0040 1.9750 -15.4286 2.9947 5.0947 1.0677  2
1937-101 14 11 290.4668 1.0633 1.3420 1.1466 -10.0449 0.9597 1.1946 1.1088  5
1947+079  9  8 294.5398 3.5338 3.6029 2.1648 8.1206 2.7068 3.0666 1.7799  1
1954+513 26 22 185.9640 5.2139 4.6903 3.6728 51.5302 1.1212 0.7799 0.8109  4
1954-388 24 23 233.5690 35.8341 235.9819 38.1088 -38.7518 7.4602 27.2863 4.0428  1
1958-179 29 28 285.8396 20.8853 2.2312 1.9199 -17.8160 6.5178 0.6357 0.4320  1
2000+148 11  8 290.4016 6.6788 5.0850 5.0187 15.0207 3.6026 1.9308 1.8500  6
2000+472 11  8 203.3354 5.5966 1.3939 1.1155 47.4247 1.2021 0.3675 0.2751  7
2000-330 19 13 252.7068 203.0357 518.5549 341.8667 -32.8625 35.4510 167.4333 56.1571  2
2002-375 12  9 239.5161 10.1874 12.2687 12.4592 -37.3949 1.5784 1.0195 1.0433  2
2005-489 18 12 199.0331 82.4138 40.6064 38.5164 -48.8316 2.5754 6.8149 1.7605  3
2007+777 22 18 63.2843 40.1152 20.1176 2.8243 77.8787 3.0975 5.3054 0.3948  4
2008-068 12  7 300.7200 0.5812 1.6242 0.5115 -6.7343 0.6818 1.5538 0.5957  3
2008-159 25 21 291.4063 2.8486 3.2258 1.0611 -15.7778 1.0283 2.1862 0.2508  3
2013+163 11  8 291.4720 1.0201 0.6424 0.4402 16.5428 0.4893 0.3442 0.2977  7
2017+745 17 12 80.4002 5.4979 6.1686 5.3260 74.6800 0.4635 1.2256 0.5303  4
2021+317 19 12 259.6856 1.9618 2.6610 1.9922 31.8840 0.5291 0.8760 0.4854  4
2021+614 19 13 145.2398 15.4917 13.1365 11.8397 61.6163 3.2275 2.1794 2.2699  8
2029+121 24 19 300.8774 2.1893 6.5994 1.0241 12.3282 1.5868 1.9749 0.7243  3
2030+547 14  8 176.9956 3.5992 6.7503 2.8039 54.9175 0.5832 1.4538 0.5266  4
2037+511 33 31 193.5239 2.0435 2.5872 0.3434 51.3202 0.4146 0.7147 0.0876  2
2037-253 16 13 280.6914 3.0786 2.3292 1.9479 -25.1296 1.1023 0.7768 0.6724  6
2052-474 26 25 213.2035 11.6102 18.6163 4.7772 -47.2466 1.7136 10.4558 0.7844  1
2058-297  6  3 274.2291 3.4622 0.7435 2.0736 -29.5577 1.0473 0.1985 0.4047  7
2059+034 23 20 314.7572 3.9737 1.0375 0.6102 3.6920 6.7009 1.1341 0.3634  2
2106+143 10  6 307.0579 1.4525 1.0092 1.0645 14.5075 0.6450 0.3732 0.4277  5
2106-413 22 19 238.9084 13.0633 13.5434 10.3827 -41.1724 1.4180 2.6833 0.8806  3
2109-811 12  8 50.4800 78.1587 140.1591 108.2308 -80.8987 9.0992 14.9393 11.0699  6
2113+293 29 28 277.3662 4.2719 2.4950 0.7914 29.5607 1.1235 0.8650 0.2008  1
2123-463  9  6 223.0310 13.5666 23.1144 20.1384 -46.0966 1.5404 5.8080 2.3469  2
2126-158 27 25 310.3602 8.6393 2.0780 2.8621 -15.6447 5.1324 1.3132 1.6718  2
2127-096 10  8 318.1923 1.0157 0.4072 0.3467 -9.4604 0.9919 0.4945 0.4132 10
2128-123 30 28 315.7019 3.9239 0.7651 0.5468 -12.1180 1.2498 0.5710 0.2936  4
2131-021 26 23 323.3673 0.4509 1.9723 0.3662 -1.8881 0.6560 2.7020 0.3512  2
2136+141 28 24 314.5621 0.9244 0.7303 0.1807 14.3933 0.5651 0.2588 0.0918  4
2141+175 12 11 310.4183 0.7975 4.5350 0.6991 17.7302 0.3690 2.6347 0.3679  1
2142+110 11  8 320.0495 14.0852 7.2268 9.3385 11.2576 8.6109 3.3402 5.0973 10
2142-758 14  9 81.2523 11.0692 2.5620 3.1596 -75.6037 1.8578 0.4824 0.5493 11
2143-156 22 19 314.8257 4.0649 3.5941 4.5674 -15.4289 1.6450 1.6744 1.1861  4
2144+092 25 20 322.3141 0.7732 8.3064 0.2538 9.4963 0.5318 5.2959 0.2198  4
2149+056 27 23 326.1883 0.7647 10.9431 0.4416 5.8703 0.8837 1.5740 0.3598  5
2149-307 20 13 282.7002 4.5826 2.2795 4.0923 -30.4649 0.5987 0.8015 0.2677  3
2150+173 23 19 312.7846 1.6274 1.1732 1.0226 17.5772 0.6592 0.7588 0.4728  3
2155+312  9  6 280.9831 2.0238 0.5034 0.5967 31.4504 0.6341 0.2863 0.2807 11
2155-152 15 10 318.2692 12.8334 23.2989 19.2202 -15.0193 9.9620 17.9675 13.3425  3
2155-304 18 12 284.8919 4.8205 5.6289 4.0161 -30.2256 1.4069 0.8555 0.7434  3
2200+420 33 31 244.6678 37.8402 9.9596 5.1126 42.2778 4.9847 1.4942 0.5633  4
2204-540 20 14 196.1529 6.5497 4.6598 4.5517 -53.7761 1.3102 0.8826 0.6667  5
2205+166 11  8 317.6814 2.4764 4.4632 2.4002 16.8716 0.7003 2.5262 0.7529  7
2208-137  9  7 323.6952 1.5882 1.0125 0.7699 -13.4694 0.7951 0.5134 0.2848 11
2209+236 25 23 304.4035 6.7657 7.0545 6.7681 23.9279 3.3086 3.9458 3.4078  2
2210-257 14 11 300.8167 2.3020 2.0951 2.0608 -25.4917 0.8619 0.6581 0.5020  6
2214+350 17 14 272.6447 11.6509 3.2052 4.0647 35.3039 2.5681 0.7450 0.8717  4
2215+150  9  7 322.6216 2.4023 0.3690 2.4138 15.3433 1.5924 0.1766 1.7669  3
2216-038 30 26 334.0587 0.7085 2.8872 0.3673 -3.5936 1.2812 1.1483 0.4167  3
2220-351 12 11 275.2864 15.9877 17.8207 16.0919 -34.9298 1.8818 3.7042 1.4456  1
2223-052 30 27 335.1919 0.4770 8.9320 0.0932 -4.9504 1.3749 13.2845 0.2739  6
2227-088 21 16 333.6685 4.4480 2.7252 2.1787 -8.5485 3.4677 2.6129 1.7560  4
2229+695 25 21 116.7318 19.2259 6.1140 2.8548 69.7745 3.3272 0.7929 0.5295  2
2230+114 30 28 331.0889 1.2815 7.7969 0.5919 11.7308 0.6907 7.4633 0.3172  3
2232-488 20 16 224.0574 9.2851 33.2437 12.9632 -48.5997 0.9202 1.7662 0.5384  5
2235+731 13 10 97.0004 5.8165 2.1526 1.3970 73.3813 1.0128 0.3023 0.1972  3
2236-572 10  7 184.9845 5.4176 7.7234 7.3980 -57.0169 0.6926 0.9428 0.7877  2
2239+096  5  2 335.3897 15.2702 9.7921 11.0680 9.8979 6.0698 2.0887 2.1784 10
2243+047  9  7 340.1659 0.4231 0.2551 0.2068 5.0158 0.6567 0.5925 0.4467 12
2243-123 31 28 333.9694 4.8813 2.7898 1.7697 -12.1142 1.8247 0.9524 0.7853  4
2244-372 13 12 273.0800 9.4611 3.8122 4.6610 -36.9629 1.1459 0.5806 0.5553  1
2245-328 20 15 288.2615 9.3094 10.4399 11.2958 -32.5978 1.0689 1.1847 0.8642  5
2250+190 19 17 323.1692 11.0011 12.0893 9.3708 19.7096 2.3979 1.8496 1.6357  2
2252-090 15  9 339.7809 0.7084 1.8971 1.0031 -8.7345 0.8672 1.6746 0.8846  4
2253+417 20 16 255.3771 3.5257 3.8281 3.1557 42.0479 0.6454 0.7437 0.3863  3
2254+024 13  7 343.9348 0.4484 2.1310 0.3031 2.7215 0.7575 2.8940 0.6055  4
2254+074 25 20 341.2012 0.9327 3.9808 0.8698 7.7201 0.4799 4.3851 0.4415  2
2255-282 29 28 304.2748 9.5265 3.9476 3.3158 -27.9726 1.7959 0.5097 0.3329  1
2300-683 12 10 128.8766 4.7890 1.0936 0.9049 -68.1271 0.7474 0.1996 0.2202  2
2307+106 10  8 341.3184 13.7488 4.2385 5.3347 10.9252 12.4808 3.7693 4.4902 12
2309+454 11  7 242.8718 1.7720 1.1921 0.8722 45.7322 0.3405 0.2598 0.1666  5
2312-319 15  8 296.8576 5.2312 3.7944 5.1258 -31.6443 1.4371 0.7379 0.9910  3
2318+049 29 28 348.7287 2.6880 3.9687 0.8782 5.2305 3.0305 2.5130 0.7521  1
2319+272 20 17 310.7661 1.5830 4.9016 1.1487 27.5462 0.4234 1.6311 0.2500  5
2319+317 10  8 296.9999 8.9872 4.9490 4.3756 32.0688 1.2537 0.4472 0.3652  3
2319+444  9  7 248.9295 26.0077 9.7651 10.6803 44.7618 3.8993 1.1576 1.2466 12
2320+506 16 10 220.8140 2.2605 2.5751 1.9890 50.9644 0.4765 0.5089 0.3847  4
2320-035 21 18 350.3067 0.8455 2.9614 0.8325 -3.2847 1.2775 8.6915 0.9358  3
2325+093  5  2 346.8908 0.6949 0.3227 0.3031 9.6693 0.4030 0.0846 0.0887 10
2325-150 13  8 340.2752 221.8679 469.5043 206.0031 -14.7988 67.2697 287.8766 103.6969  6
2326-477 23 19 238.0024 6.5681 10.8101 8.4955 -47.5053 0.8128 1.9973 1.1505  4
2329-162 15 10 339.3260 1.5701 2.9935 1.0461 -15.9492 0.4878 1.4023 0.4614  8
2329-384 16 12 277.4188 4.1201 29.5525 4.1862 -38.1966 0.9519 3.9460 0.9226  8
2333-415 10  8 266.2329 12.5108 5.1925 5.1628 -41.2561 1.3702 0.9571 1.0665  2
2335-027 20 17 354.1472 0.5450 0.5031 0.2236 -2.5160 2.3509 2.2332 1.5485  4
2344+092 11  8 351.7492 1.2476 5.8531 1.8298 9.5126 0.8245 6.5395 0.8864  2
2345-167 16 12 342.2736 2.8258 3.0218 0.9976 -16.5200 1.0723 1.3906 0.3984 11
2351+456 17 12 249.6172 226.3840 56.1173 70.1029 45.8845 18.3244 2.3600 1.0293  4
2351-154 14  8 346.0473 1.9289 1.7971 1.4750 -15.2198 0.8602 1.0611 0.8325 11
2353+816  8  4 50.7137 1679.0385 16756.6983 2773.7927 81.8812 134.7858 2630.6016 235.5056  7
2353-686 16  9 132.5404 6.2283 3.9806 3.3132 -68.3343 0.6113 0.3690 0.3785  7
2355-106 26 23 353.7111 7.0759 2.5653 2.6193 -10.3357 3.3071 0.9672 1.0602  2
2355-534 19 14 215.3968 5.8857 14.6949 9.0191 -53.1871 0.9571 2.2152 0.5650  5
2356+385 21 19 280.2970 2.1867 0.7219 0.5030 38.8451 0.5323 0.1551 0.1343  2
2357-318 10  7 306.6592 30.4542 13.9847 13.8376 -31.5622 9.5602 2.7152 2.3311  3
2358+189 11  8 0.2699 0.7836 0.1736 0.4316 19.2427 10.0129 2.8288 4.7188  7
